Profile 1             Profile 2             
x       y           x       y           
[m]     [m]         [m]     [m]         
0  -8.1278425e-10            0  4.4274262e-10            
1.953373e-09  -7.9577774e-10            1.9539419e-09  4.585356e-10            
3.906746e-09  -7.7861689e-10            3.9078838e-09  4.925908e-10            
5.860119e-09  -7.7670498e-10            5.8618257e-09  2.0168014e-10            
7.813492e-09  -7.8485443e-10            7.8157676e-09  6.5190815e-10            
9.766865e-09  -1.3842685e-09            9.7697096e-09  8.8303841e-10            
1.1720238e-08  -1.1166997e-09            1.1723651e-08  5.3731345e-10            
1.3673611e-08  -1.32493e-09            1.3677593e-08  6.808747e-10            
1.5626984e-08  -1.3480298e-09            1.5631535e-08  1.273486e-09            
1.7580357e-08  -6.15161e-10            1.7585477e-08  1.2160707e-09            
1.953373e-08  -1.1088875e-09            1.9539419e-08  1.0986972e-09            
2.1487103e-08  -1.2565851e-09            2.1493361e-08  4.0075403e-10            
2.3440476e-08  -1.0445412e-09            2.3447303e-08  9.4761495e-10            
2.5393849e-08  -6.6762619e-10            2.5401245e-08  6.4757318e-10            
2.7347222e-08  -1.1009668e-09            2.7355187e-08  7.9120164e-10            
2.9300595e-08  -1.2637386e-09            2.9309129e-08  6.3732671e-10            
3.1253968e-08  -8.6180926e-10            3.1263071e-08  5.2512942e-10            
3.3207341e-08  -6.3450372e-10            3.3217012e-08  7.1050731e-10            
3.5160714e-08  -5.9614921e-10            3.5170954e-08  5.7490382e-10            
3.7114087e-08  -3.6392414e-10            3.7124896e-08  4.5757177e-10            
3.906746e-08  -5.5815104e-10            3.9078838e-08  6.2468481e-10            
4.1020833e-08  -9.8144296e-10            4.103278e-08  8.9742352e-10            
4.2974206e-08  -1.0851779e-09            4.2986722e-08  9.9027552e-10            
4.4927579e-08  -1.2832382e-09            4.4940664e-08  8.0502478e-10            
4.6880952e-08  -1.2762371e-09            4.6894606e-08  8.2081777e-10            
4.8834325e-08  -1.143368e-09            4.8848548e-08  1.0648884e-09            
5.0787698e-08  -1.4470701e-09            5.080249e-08  1.6430164e-09            
5.2741071e-08  -1.5269531e-09            5.2756432e-08  1.0455661e-09            
5.4694444e-08  -1.3890781e-09            5.4710373e-08  9.4386501e-10            
5.6647817e-08  -1.5330465e-09            5.6664315e-08  5.3288954e-10            
5.860119e-08  -9.1834473e-10            5.8618257e-08  5.1591662e-10            
6.0554563e-08  -1.8587495e-09            6.0572199e-08  2.9939679e-10            
6.2507936e-08  -1.8580197e-09            6.2526141e-08  2.9169333e-10            
6.4461309e-08  -1.8611435e-09            6.4480083e-08  2.8791242e-10            
6.6414682e-08  -2.0088131e-09            6.6434025e-08  -2.8996857e-10            
6.8368055e-08  -1.7275599e-09            6.8387967e-08  4.6717524e-11            
7.0321428e-08  -1.0574901e-09            7.0341909e-08  -2.531714e-10            
7.2274801e-08  -1.4278798e-09            7.2295851e-08  -4.6449322e-10            
7.4228174e-08  -1.4938561e-09            7.4249793e-08  -5.0610695e-10            
7.6181547e-08  -1.6831126e-09            7.6203735e-08  -5.622382e-10            
7.813492e-08  -1.6812033e-09            7.8157676e-08  -8.218218e-10            
8.0088293e-08  -1.9949692e-09            8.0111618e-08  -1.063134e-09            
8.2041666e-08  -1.8886205e-09            8.206556e-08  -1.0382395e-09            
8.3995039e-08  -2.0903972e-09            8.4019502e-08  -1.0133154e-09            
8.5948412e-08  -1.9890817e-09            8.5973444e-08  -1.2180893e-09            
8.7901785e-08  -1.9871272e-09            8.7927386e-08  -1.0888051e-09            
8.9855158e-08  -2.3852022e-09            8.9881328e-08  -1.1474662e-09            
9.1808531e-08  -1.6685777e-09            9.183527e-08  -8.2513364e-10            
9.3761904e-08  -1.5911725e-09            9.3789212e-08  -7.6617477e-10            
9.5715277e-08  -2.2950158e-09            9.5743154e-08  -9.1620092e-10            
9.766865e-08  -1.9129735e-09            9.7697096e-08  -6.9821458e-10            
9.9622023e-08  -1.9752378e-09            9.9651037e-08  -3.3274245e-10            
1.015754e-07  -2.5507313e-09            1.0160498e-07  -4.7617194e-10            
1.0352877e-07  -2.0203087e-09            1.0355892e-07  -3.0124146e-10            
1.0548214e-07  -1.6535155e-09            1.0551286e-07  -7.3962868e-10            
1.0743551e-07  -2.5599434e-09            1.0746681e-07  3.6168595e-10            
1.0938889e-07  -1.9653549e-09            1.0942075e-07  -2.5393694e-10            
1.1134226e-07  -2.250197e-09            1.1137469e-07  -3.4918108e-10            
1.1329563e-07  -2.1815974e-09            1.1332863e-07  -4.2605496e-10            
1.1524901e-07  -1.6625148e-09            1.1528257e-07  1.6295662e-11            
1.1720238e-07  -1.9574157e-09            1.1723651e-07  -1.9096657e-10            
1.1915575e-07  -1.9555019e-09            1.1919046e-07  -3.4225962e-10            
1.2110913e-07  -1.9496626e-09            1.211444e-07  -7.2575283e-10            
1.230625e-07  -1.3200181e-09            1.2309834e-07  -2.5591534e-10            
1.2501587e-07  -1.3179524e-09            1.2505228e-07  -1.0284325e-09            
1.2696924e-07  -1.6203962e-09            1.2700622e-07  -1.33761e-09            
1.2892262e-07  -1.6298058e-09            1.2896017e-07  -1.6467874e-09            
1.3087599e-07  -1.9221914e-09            1.3091411e-07  -1.6597067e-09            
1.3282936e-07  -9.9431757e-10            1.3286805e-07  -2.2547016e-09            
1.3478274e-07  -1.0237064e-09            1.3482199e-07  -1.9452599e-09            
1.3673611e-07  -1.82823e-09            1.3677593e-07  -1.5968259e-09            
1.3868948e-07  -1.6614642e-09            1.3872988e-07  -9.480669e-10            
1.4064286e-07  -2.0633351e-09            1.4068382e-07  -1.2389776e-09            
1.4259623e-07  -1.7770511e-09            1.4263776e-07  -6.5300112e-10            
1.445496e-07  -1.5574288e-09            1.445917e-07  -9.621786e-10            
1.4650297e-07  -1.8661926e-09            1.4654564e-07  -1.2178469e-09            
1.4845635e-07  -2.1749279e-09            1.4849959e-07  -1.1394406e-09            
1.5040972e-07  -1.9955638e-09            1.5045353e-07  -1.1146397e-09            
1.5236309e-07  -2.7925579e-09            1.5240747e-07  -1.4864621e-09            
1.5431647e-07  -2.3879932e-09            1.5436141e-07  -1.5163932e-09            
1.5626984e-07  -3.00753e-09            1.5631535e-07  -1.0216915e-09            
1.5822321e-07  -2.7715319e-09            1.5826929e-07  -1.6466491e-09            
1.6017659e-07  -2.448644e-09            1.6022324e-07  -1.0711313e-09            
1.6212996e-07  -2.0239465e-09            1.6217718e-07  -1.2810617e-09            
1.6408333e-07  -2.0169524e-09            1.6413112e-07  -1.1204708e-09            
1.660367e-07  -1.3884067e-09            1.6608506e-07  -1.2052616e-09            
1.6799008e-07  -1.7538814e-09            1.68039e-07  -8.9067797e-10            
1.6994345e-07  -1.9758939e-09            1.6999295e-07  -7.0261609e-10            
1.7189682e-07  -1.4592759e-09            1.7194689e-07  -5.2506749e-10            
1.738502e-07  -1.3201184e-09            1.7390083e-07  -6.346559e-10            
1.7580357e-07  -1.4453005e-09            1.7585477e-07  -7.2588591e-10            
1.7775694e-07  -1.2646424e-09            1.7780871e-07  -5.6653628e-10            
1.7971032e-07  -1.2626479e-09            1.7976266e-07  -5.3253049e-10            
1.8166369e-07  -1.0970845e-09            1.817166e-07  -6.2781943e-11            
1.8361706e-07  -1.1013866e-09            1.8367054e-07  -1.9836501e-10            
1.8557043e-07  -9.3212512e-10            1.8562448e-07  -9.8251474e-10            
1.8752381e-07  -1.2358272e-09            1.8757842e-07  -5.7131594e-10            
1.8947718e-07  -9.3696016e-10            1.8953237e-07  -9.3269752e-10            
1.9143055e-07  -7.5763221e-10            1.9148631e-07  -4.850224e-10            
1.9338393e-07  -9.330544e-10            1.9344025e-07  -9.2604618e-10            
1.953373e-07  -1.2468204e-09            1.9539419e-07  -8.9198637e-10            
1.9729067e-07  -9.8321831e-10            1.9734813e-07  -1.1241799e-09            
1.9924405e-07  -1.4794437e-09            1.9930207e-07  -8.0821342e-10            
2.0119742e-07  -1.5806182e-09            2.0125602e-07  -1.092594e-09            
2.0315079e-07  -1.7710727e-09            2.0320996e-07  -1.07174e-09            
2.0510416e-07  -1.5464458e-09            2.051639e-07  -1.0376815e-09            
2.0705754e-07  -1.8665553e-09            2.0711784e-07  -1.3194565e-09            
2.0901091e-07  -1.6418788e-09            2.0907178e-07  -3.9807135e-10            
2.1096428e-07  -1.2826576e-09            2.1102573e-07  -1.0139479e-09            
2.1291766e-07  -1.4617848e-09            2.1297967e-07  -1.5331118e-09            
2.1487103e-07  -1.6989142e-09            2.1493361e-07  -1.2407722e-09            
2.168244e-07  -1.6138366e-09            2.1688755e-07  -9.6660251e-10            
2.1877778e-07  -1.8547459e-09            2.1884149e-07  -1.4180025e-09            
2.2073115e-07  -1.7897961e-09            2.2079544e-07  -1.4818636e-09            
2.2268452e-07  -1.9086549e-09            2.2274938e-07  -1.6788069e-09            
2.2463789e-07  -1.9015821e-09            2.2470332e-07  -1.7479576e-09            
2.2659127e-07  -1.8946154e-09            2.2665726e-07  -2.0388636e-09            
2.2854464e-07  -1.1113006e-09            2.286112e-07  -1.6250144e-09            
2.3049801e-07  -2.5122453e-09            2.3056515e-07  -1.8037476e-09            
2.3245139e-07  -2.4724464e-09            2.3251909e-07  -2.1037939e-09            
2.3440476e-07  -2.4982058e-09            2.3447303e-07  -2.2733301e-09            
2.3635813e-07  -2.1527815e-09            2.3642697e-07  -2.7038867e-09            
2.3831151e-07  -2.4489426e-09            2.3838091e-07  -2.3723387e-09            
2.4026488e-07  -2.1488084e-09            2.4033486e-07  -2.3200918e-09            
2.4221825e-07  -1.823517e-09            2.422888e-07  -2.1007074e-09            
2.4417162e-07  -1.1924585e-09            2.4424274e-07  -1.4260018e-09            
2.46125e-07  -2.4556273e-10            2.4619668e-07  -7.3041457e-10            
2.4807837e-07  -5.54298e-10            2.4815062e-07  -1.861118e-10            
2.5003174e-07  8.3999058e-11            2.5010456e-07  -2.5526246e-10            
2.5198512e-07  4.0692695e-10            2.5205851e-07  2.6409315e-10            
2.5393849e-07  7.2970176e-10            2.5401245e-07  1.1556447e-10            
2.5589186e-07  7.6432455e-10            2.5596639e-07  6.7791467e-10            
2.5784524e-07  7.7644074e-10            2.5792033e-07  1.5170968e-09            
2.5979861e-07  1.1042653e-09            2.5987427e-07  8.6206256e-10            
2.6175198e-07  1.1162386e-09            2.6182822e-07  6.5859376e-10            
2.6370535e-07  1.1282118e-09            2.6378216e-07  9.9020174e-10            
2.6565873e-07  1.1403446e-09            2.657361e-07  6.9015997e-10            
2.676121e-07  1.1523178e-09            2.6769004e-07  3.901182e-10            
2.6956547e-07  8.4861579e-10            2.6964398e-07  9.2686639e-11            
2.7151885e-07  8.6058907e-10            2.7159793e-07  9.9347207e-11            
2.7347222e-07  5.5688702e-10            2.7355187e-07  -1.4705295e-10            
2.7542559e-07  4.0917551e-10            2.7550581e-07  4.283463e-10            
2.7737897e-07  -2.0017988e-10            2.7745975e-07  5.3677191e-10            
2.7933234e-07  -1.2646577e-10            2.7941369e-07  -6.0700104e-11            
2.8128571e-07  -1.5595116e-10            2.8136764e-07  -6.0608398e-10            
2.8323908e-07  -1.1579189e-09            2.8332158e-07  -3.6973331e-10            
2.8519246e-07  -1.7938137e-09            2.8527552e-07  -5.197285e-10            
2.8714583e-07  -1.6685929e-09            2.8722946e-07  -9.5155463e-10            
2.890992e-07  -1.5810641e-09            2.891834e-07  -3.8382262e-10            
2.9105258e-07  -2.0584695e-09            2.9113734e-07  -3.0228172e-11            
2.9300595e-07  -1.5871524e-09            2.9309129e-07  -2.4537768e-10            
2.9495932e-07  -2.0934391e-09            2.9504523e-07  1.1741968e-11            
2.969127e-07  -2.1896528e-09            2.9699917e-07  -3.2081009e-10            
2.9886607e-07  -2.2669519e-09            2.9895311e-07  -1.7065942e-10            
3.0081944e-07  -2.2598524e-09            3.0090705e-07  1.6978057e-10            
3.0277281e-07  -1.7885975e-09            3.02861e-07  3.577601e-10            
3.0472619e-07  -1.2984681e-09            3.0481494e-07  5.3538577e-10            
3.0667956e-07  -1.4488162e-09            3.0676888e-07  7.3119658e-10            
3.0863293e-07  -1.4366835e-09            3.0872282e-07  7.6525639e-10            
3.1058631e-07  -1.5933232e-09            3.1067676e-07  6.1001246e-10            
3.1253968e-07  -1.5547661e-09            3.1263071e-07  6.3494116e-10            
3.1449305e-07  -1.3590802e-09            3.1458465e-07  6.5976512e-10            
3.1644643e-07  -1.7043063e-09            3.1653859e-07  3.6885446e-10            
3.183998e-07  -1.3764983e-09            3.1849253e-07  -2.3761756e-10            
3.2035317e-07  -1.1707459e-09            3.2044647e-07  -2.9372378e-10            
3.2230654e-07  -1.4342412e-09            3.2240042e-07  -2.5966397e-10            
3.2425992e-07  -9.3272791e-10            3.2435436e-07  1.5268445e-10            
3.2621329e-07  -1.4352423e-09            3.263083e-07  -4.0038773e-10            
3.2816666e-07  -1.2043238e-09            3.2826224e-07  -6.8919415e-11            
3.3012004e-07  -1.0601795e-09            3.3021618e-07  5.0790813e-10            
3.3207341e-07  -1.292207e-09            3.3217012e-07  5.418263e-10            
3.3402678e-07  -1.0512221e-09            3.3412407e-07  5.5892834e-10            
3.3598016e-07  -1.1863524e-09            3.3607801e-07  6.0994592e-10            
3.3793353e-07  -1.3416925e-09            3.3803195e-07  6.4531017e-10            
3.398869e-07  -1.4164191e-09            3.3998589e-07  3.6223078e-10            
3.4184027e-07  -1.4811663e-09            3.4193983e-07  4.1570769e-10            
3.4379365e-07  -9.0421372e-10            3.4389378e-07  4.0149321e-10            
3.4574702e-07  -8.9224045e-10            3.4584772e-07  7.043896e-10            
3.4770039e-07  -6.1586352e-10            3.4780166e-07  4.5132691e-10            
3.4965377e-07  -8.2157714e-10            3.497556e-07  4.200005e-10            
3.5160714e-07  -1.1303124e-09            3.5170954e-07  1.8521385e-10            
3.5356051e-07  -1.1233724e-09            3.5366349e-07  -1.0553277e-10            
3.5551389e-07  -1.0848311e-09            3.5561743e-07  -3.9643882e-10            
3.5746726e-07  -1.1093328e-09            3.5757137e-07  -3.7151012e-10            
3.5942063e-07  -8.079492e-10            3.5952531e-07  -3.0798043e-11            
3.61374e-07  -1.411128e-09            3.6147925e-07  -3.2170871e-10            
3.6332738e-07  -1.4040285e-09            3.634332e-07  -1.7687463e-10            
3.6528075e-07  -1.3970885e-09            3.6538714e-07  -2.1462444e-10            
3.6723412e-07  -1.3887313e-09            3.6734108e-07  3.8432463e-10            
3.691875e-07  -1.6988818e-09            3.6929502e-07  1.1437466e-10            
3.7114087e-07  -1.6829761e-09            3.7124896e-07  -1.9732804e-10            
3.7309424e-07  -1.6571614e-09            3.732029e-07  -2.2388335e-11            
3.7504762e-07  -1.6777447e-09            3.7515685e-07  4.4994736e-10            
3.7700099e-07  -1.9627316e-09            3.7711079e-07  2.4521825e-10            
3.7895436e-07  -1.6926462e-09            3.7906473e-07  2.8834262e-10            
3.8090773e-07  -1.6567651e-09            3.8101867e-07  -7.2946061e-11            
3.8286111e-07  -1.7278203e-09            3.8297261e-07  5.6333512e-11            
3.8481448e-07  -2.0025788e-09            3.8492656e-07  -2.3097873e-11            
3.8676785e-07  -1.9515955e-09            3.868805e-07  1.6667889e-12            
3.8872123e-07  -1.6827931e-09            3.8883444e-07  -2.1216115e-10            
3.906746e-07  -1.6808565e-09            3.9078838e-07  -6.4786043e-10            
3.9262797e-07  -2.0538276e-09            3.9274232e-07  -2.9812529e-10            
3.9458135e-07  -1.9235412e-09            3.9469627e-07  3.1774135e-10            
3.9653472e-07  -1.823449e-09            3.9665021e-07  -1.8956792e-10            
3.9848809e-07  -1.6729401e-09            3.9860415e-07  -1.0216955e-10            
4.0044146e-07  -1.9868255e-09            4.0055809e-07  4.694534e-10            
4.0239484e-07  -1.8061224e-09            4.0251203e-07  1.7464522e-10            
4.0434821e-07  -2.0154991e-09            4.0446598e-07  -9.3925861e-11            
4.0630158e-07  -2.1795908e-09            4.0641992e-07  -6.5243257e-11            
4.0825496e-07  -1.8744825e-09            4.0837386e-07  -4.0314551e-11            
4.1020833e-07  -1.5516524e-09            4.103278e-07  5.9247296e-10            
4.121617e-07  -1.659114e-09            4.1228174e-07  6.0826595e-10            
4.1411508e-07  -1.3413724e-09            4.1423569e-07  3.9172965e-10            
4.1606845e-07  -1.2148304e-09            4.1618963e-07  6.3982624e-10            
4.1802182e-07  -1.4506468e-09            4.1814357e-07  7.755246e-10            
4.1997519e-07  -1.6512593e-09            4.2009751e-07  9.8711324e-10            
4.2192857e-07  -1.649261e-09            4.2205145e-07  1.0811728e-09            
4.2388194e-07  -1.6472811e-09            4.2400539e-07  8.7770403e-10            
4.2583531e-07  -1.7950263e-09            4.2595934e-07  1.0343328e-09            
4.2778869e-07  -1.9591377e-09            4.2791328e-07  9.4566422e-10            
4.2974206e-07  -2.2729036e-09            4.2986722e-07  1.094573e-09            
4.3169543e-07  -2.1061562e-09            4.3182116e-07  8.8979912e-10            
4.3364881e-07  -2.1230477e-09            4.337751e-07  1.0476842e-09            
4.3560218e-07  -2.7576842e-09            4.3572905e-07  1.081744e-09            
4.3755555e-07  -2.1292097e-09            4.3768299e-07  1.1158038e-09            
4.3950892e-07  -2.4480089e-09            4.3963693e-07  9.8933606e-10            
4.414623e-07  -2.3253021e-09            4.4159087e-07  6.984254e-10            
4.4341567e-07  -2.5283372e-09            4.4354481e-07  4.0751474e-10            
4.4536904e-07  -2.457221e-09            4.4549876e-07  1.1660407e-10            
4.4732242e-07  -2.1608121e-09            4.474527e-07  -3.7121761e-10            
4.4927579e-07  -2.0443461e-09            4.4940664e-07  -6.7126399e-10            
4.5122916e-07  -2.3518765e-09            4.5136058e-07  -5.4062661e-10            
4.5318254e-07  -2.249194e-09            4.5331452e-07  -5.0661291e-10            
4.5513591e-07  -2.2472389e-09            4.5526847e-07  -3.9044497e-10            
4.5708928e-07  -2.4163022e-09            4.5722241e-07  -3.6552088e-10            
4.5904265e-07  -2.4786096e-09            4.5917635e-07  -2.7667905e-10            
4.6099603e-07  -2.3168573e-09            4.6113029e-07  5.46575e-11            
4.629494e-07  -2.3097578e-09            4.6308423e-07  5.6494328e-10            
4.6490277e-07  -2.2373859e-09            4.6503817e-07  4.9672945e-11            
4.6685615e-07  -2.1008098e-09            4.6699212e-07  1.0219465e-09            
4.6880952e-07  -2.0283089e-09            4.6894606e-07  1.3077547e-09            
4.7076289e-07  -2.0163356e-09            4.709e-07  1.3783481e-09            
4.7271627e-07  -1.9589268e-09            4.7285394e-07  1.0965732e-09            
4.7466964e-07  -1.400965e-09            -          -              
4.7662301e-07  -1.6644216e-09            -          -              
4.7857638e-07  -1.6522889e-09            -          -              
4.8052976e-07  -1.3244809e-09            -          -              
4.8248313e-07  -1.6283424e-09            -          -              
4.844365e-07  -9.8469956e-10            -          -              
4.8638988e-07  -1.2783352e-09            -          -              
4.8834325e-07  -1.2713951e-09            -          -              
4.9029662e-07  -1.2642956e-09            -          -              
