Profile 1             Profile 2             
x       y           x       y           
[m]     [m]         [m]     [m]         
0  -1.8450665e-09            0  4.8504988e-09            
1.9531409e-09  -1.8383159e-09            1.95314e-09  4.6018501e-09            
3.9062818e-09  -1.8315653e-09            3.90628e-09  4.6796283e-09            
5.8594226e-09  -1.8249841e-09            5.8594201e-09  4.4309795e-09            
7.8125635e-09  -1.8182335e-09            7.8125601e-09  4.1824974e-09            
9.7657044e-09  -8.3878307e-10            9.7657001e-09  4.2538745e-09            
1.1718845e-08  -4.9919367e-10            1.171884e-08  4.0039449e-09            
1.3671986e-08  -1.7522973e-10            1.367198e-08  3.1101267e-09            
1.5625127e-08  -1.5926548e-10            1.562512e-08  2.8512371e-09            
1.7578268e-08  -1.5268429e-10            1.757826e-08  2.2864021e-09            
1.9531409e-08  -4.5919834e-10            1.95314e-08  2.3513793e-09            
2.148455e-08  -4.6577202e-10            2.148454e-08  2.1016125e-09            
2.3437691e-08  -4.5902895e-10            2.343768e-08  2.5198982e-09            
2.5390831e-08  -4.5227836e-10            2.539082e-08  2.5976844e-09            
2.7343972e-08  -4.4569717e-10            2.734396e-08  2.3490356e-09            
2.9297113e-08  -4.3894658e-10            2.92971e-08  2.4268138e-09            
3.1250254e-08  -1.2682878e-10            3.125024e-08  2.1781651e-09            
3.3203395e-08  -4.2561481e-10            3.320338e-08  1.9296744e-09            
3.5156536e-08  -3.9517194e-10            3.515652e-08  2.0074519e-09            
3.7109677e-08  -4.1227005e-10            3.710966e-08  1.7588025e-09            
3.9062818e-08  -4.0553244e-10            3.90628e-08  1.5101663e-09            
4.1015958e-08  -3.9878186e-10            4.101594e-08  1.2883997e-09            
4.2969099e-08  -3.9218564e-10            4.296908e-08  1.3392957e-09            
4.492224e-08  -7.118771e-10            4.492222e-08  1.1200894e-09            
4.6875381e-08  -7.0512651e-10            4.687536e-08  1.1685786e-09            
4.8828522e-08  -6.9854532e-10            4.88285e-08  1.2463562e-09            
5.0781663e-08  -6.9179474e-10            5.078164e-08  1.324151e-09            
5.2734804e-08  -9.7593275e-10            5.273478e-08  1.4019293e-09            
5.4687945e-08  -1.0417446e-09            5.4687921e-08  1.4797075e-09            
5.6641085e-08  -1.6891643e-09            5.6641061e-08  1.2681818e-09            
5.8594226e-08  -1.9708188e-09            5.8594201e-08  1.0209626e-09            
6.0547367e-08  -1.9640887e-09            6.0547341e-08  4.4716619e-10            
6.2500508e-08  -2.2416455e-09            6.2500481e-08  4.8528173e-10            
6.4453649e-08  -2.2771839e-09            6.4453621e-08  2.3663293e-10            
6.640679e-08  -2.2704333e-09            6.6406761e-08  3.1441116e-10            
6.8359931e-08  -1.142248e-09            6.8359901e-08  7.1861641e-10            
7.0313072e-08  -1.1409317e-09            7.0313041e-08  5.1619692e-10            
7.2266212e-08  -1.1394461e-09            7.2266181e-08  5.9525459e-10            
7.4219353e-08  -1.1379605e-09            7.4219321e-08  6.743375e-10            
7.6172494e-08  -1.1366442e-09            7.6172461e-08  7.034717e-10            
7.8125635e-08  -1.0825091e-09            7.8125601e-08  7.8124993e-10            
8.0078776e-08  -9.1795134e-10            8.0078741e-08  8.5902816e-10            
8.2031917e-08  -9.1122875e-10            8.2031881e-08  8.8318343e-10            
8.3985058e-08  -9.0447817e-10            8.3985021e-08  6.8829843e-10            
8.5938199e-08  -8.9786692e-10            8.5938161e-08  7.0978056e-10            
8.789134e-08  -8.9114639e-10            8.7891301e-08  5.1745643e-10            
8.984448e-08  -1.1502759e-09            8.9844441e-08  5.9523466e-10            
9.1797621e-08  -1.2042416e-09            9.1797581e-08  6.128479e-10            
9.3750762e-08  -1.197491e-09            9.3750721e-08  6.8948354e-10            
9.5703903e-08  -1.2552361e-09            9.5703861e-08  5.0227917e-10            
9.7657044e-08  -1.2499712e-09            9.7657001e-08  5.8008995e-10            
9.9610185e-08  -1.1774087e-09            9.9610141e-08  3.9672656e-10            
1.0156333e-07  -1.170792e-09            1.0156328e-07  4.0921938e-10            
1.0351647e-07  -1.1640769e-09            1.0351642e-07  4.8699761e-10            
1.0546961e-07  -1.1573263e-09            1.0546956e-07  4.9578364e-10            
1.0742275e-07  -1.1507076e-09            1.074227e-07  5.722811e-10            
1.0937589e-07  -1.3967122e-09            1.0937584e-07  3.2238874e-10            
1.1132903e-07  -1.2122695e-09            1.1132898e-07  1.4542588e-10            
1.1328217e-07  -1.1306628e-09            1.1328212e-07  2.2320411e-10            
1.1523531e-07  -1.4345443e-09            1.1523526e-07  -2.5275284e-11            
1.1718845e-07  -1.4330587e-09            1.171884e-07  -2.4303413e-11            
1.1914159e-07  -1.677879e-09            1.1914154e-07  -1.9601697e-10            
1.2109473e-07  -2.1647176e-09            1.2109468e-07  -1.5033141e-09            
1.2304788e-07  -2.4858797e-09            1.2304782e-07  -1.6725551e-09            
1.2500102e-07  -2.3962061e-09            1.2500096e-07  -1.9212039e-09            
1.2695416e-07  -2.3894555e-09            1.269541e-07  -6.2092446e-10            
1.289073e-07  -2.143319e-09            1.2890724e-07  -7.8624081e-10            
1.3086044e-07  -1.8733209e-09            1.3086038e-07  -7.0846325e-10            
1.3281358e-07  -1.3900921e-09            1.3281352e-07  -6.3064051e-10            
1.3476672e-07  -1.2926905e-09            1.3476666e-07  -5.5286229e-10            
1.3671986e-07  -1.3767603e-09            1.367198e-07  -4.7508406e-10            
1.38673e-07  -1.2765569e-09            1.3867294e-07  -4.8819335e-10            
1.4062614e-07  -1.3634286e-09            1.4062608e-07  -6.4583305e-10            
1.4257928e-07  -1.356678e-09            1.4257922e-07  -6.6150322e-10            
1.4453242e-07  -1.2526446e-09            1.4453236e-07  -8.1665579e-10            
1.4648557e-07  -1.3433462e-09            1.464855e-07  -7.3887756e-10            
1.4843871e-07  -1.3365956e-09            1.4843864e-07  -8.902383e-10            
1.5039185e-07  -1.3299618e-09            1.5039178e-07  -9.0974812e-10            
1.5234499e-07  -1.3232638e-09            1.5234492e-07  -8.3185231e-10            
1.5429813e-07  -1.3165133e-09            1.5429806e-07  -8.5520312e-10            
1.5625127e-07  -1.3099321e-09            1.562512e-07  -1.3291512e-09            
1.5820441e-07  -1.0833697e-09            1.5820434e-07  -1.0285814e-09            
1.6015755e-07  -7.5150836e-10            1.6015748e-07  -1.1735416e-09            
1.6211069e-07  -6.3699566e-10            1.6211062e-07  -9.895146e-10            
1.6406383e-07  -7.4080906e-10            1.6406376e-07  -1.0178716e-09            
1.6601697e-07  -9.5003284e-10            1.660169e-07  -9.4009401e-10            
1.6797012e-07  -1.0565368e-09            1.6797004e-07  -6.459214e-10            
1.6992326e-07  -1.2630167e-09            1.6992318e-07  -7.8448108e-10            
1.718764e-07  -1.1405465e-09            1.7187632e-07  -1.0331299e-09            
1.7382954e-07  -9.2325795e-10            1.7382946e-07  -9.5535165e-10            
1.7578268e-07  -9.1650737e-10            1.757826e-07  -8.7746381e-10            
1.7773582e-07  -7.0327681e-10            1.7773574e-07  -7.9968624e-10            
1.7968896e-07  -9.0317559e-10            1.7968888e-07  -7.2184757e-10            
1.816421e-07  -8.96425e-10            1.8164202e-07  -6.4406934e-10            
1.8359524e-07  -8.8984381e-10            1.8359516e-07  -7.7238817e-10            
1.8554838e-07  -1.0081358e-09            1.855483e-07  -1.05816e-09            
1.8750152e-07  -8.7644647e-10            1.8750144e-07  -9.8283639e-10            
1.8945467e-07  -8.6976145e-10            1.8945458e-07  -6.5927848e-10            
1.9140781e-07  -8.6301087e-10            1.9140772e-07  -9.0786284e-10            
1.9336095e-07  -8.5636205e-10            1.9336086e-07  -8.3008461e-10            
1.9531409e-07  -5.2325207e-10            1.95314e-07  -1.0787334e-09            
1.9726723e-07  -5.1650148e-10            1.9726714e-07  -1.0009552e-09            
1.9922037e-07  -5.0985062e-10            1.9922028e-07  -9.2307531e-10            
2.0117351e-07  -5.0316971e-10            2.0117342e-07  -8.4529774e-10            
2.0312665e-07  -8.2284614e-10            2.0312656e-07  -7.6745109e-10            
2.0507979e-07  -1.004487e-09            2.050797e-07  -8.8168876e-10            
2.0703293e-07  -9.9642016e-10            2.0703284e-07  -9.3832165e-10            
2.0898607e-07  -1.1292871e-09            2.0898598e-07  -8.6054343e-10            
2.1093921e-07  -1.1226096e-09            2.1093912e-07  -9.7084312e-10            
2.1289236e-07  -1.115859e-09            2.1289226e-07  -1.5920034e-09            
2.148455e-07  -1.1092027e-09            2.148454e-07  -1.3246971e-09            
2.1679864e-07  -1.1025272e-09            2.1679854e-07  -1.2443587e-09            
2.1875178e-07  -1.0957767e-09            2.1875168e-07  -1.4904472e-09            
2.2070492e-07  -7.6276845e-10            2.2070482e-07  -1.0836818e-09            
2.2265806e-07  -7.5601786e-10            2.2265796e-07  -6.4225978e-10            
2.246112e-07  -9.0063464e-10            2.246111e-07  -4.1727003e-10            
2.2656434e-07  -7.4268609e-10            2.2656424e-07  -6.6456233e-10            
2.2851748e-07  -7.359355e-10            2.2851738e-07  -5.8550399e-10            
2.3047062e-07  -7.2918491e-10            2.3047052e-07  -3.3107114e-10            
2.3242376e-07  -5.5280902e-10            2.3242366e-07  -4.2738732e-10            
2.3437691e-07  -3.8942612e-10            2.343768e-07  -5.0185202e-10            
2.3633005e-07  -5.4202707e-10            2.3632994e-07  -4.2407446e-10            
2.3828319e-07  -5.3667537e-10            2.3828308e-07  -5.0238878e-10            
2.4023633e-07  -5.3124103e-10            2.4023622e-07  -5.9486464e-10            
2.4218947e-07  -3.6267787e-10            2.4218936e-07  -6.8478029e-10            
2.4414261e-07  -3.5601198e-10            2.441425e-07  -6.0572196e-10            
2.4609575e-07  -1.8868036e-10            2.4609564e-07  -5.2657793e-10            
2.4804889e-07  -3.426802e-10            2.4804878e-07  -6.1009372e-10            
2.5000203e-07  -5.0440808e-10            2.5000192e-07  -6.9608469e-10            
2.5195517e-07  -6.5560605e-10            2.5195506e-07  -6.1574625e-10            
2.5390831e-07  -6.4902486e-10            2.539082e-07  -1.1895419e-09            
2.5586146e-07  -6.4227427e-10            2.5586134e-07  -1.7633377e-09            
2.578146e-07  -6.3560292e-10            2.5781448e-07  -1.8531716e-09            
2.5976774e-07  -6.289425e-10            2.5976762e-07  -1.931567e-09            
2.6172088e-07  -6.2219191e-10            2.6172076e-07  -2.0240435e-09            
2.6367402e-07  -2.8909149e-10            2.636739e-07  -1.9461762e-09            
2.6562716e-07  -2.8243311e-10            2.6562704e-07  -2.0207306e-09            
2.675803e-07  -2.7568253e-10            2.6758018e-07  -1.4398708e-09            
2.6953344e-07  -2.6910134e-10            2.6953332e-07  -1.2096822e-09            
2.7148658e-07  -2.6235075e-10            2.7148646e-07  -1.1306245e-09            
2.7343972e-07  -2.5560016e-10            2.734396e-07  -1.3779009e-09            
2.7539286e-07  -2.4901897e-10            2.7539274e-07  -1.1529105e-09            
2.77346e-07  -4.2917418e-10            2.7734588e-07  -8.9335718e-10            
2.7929915e-07  -2.3558952e-10            2.7929902e-07  -9.97354e-10            
2.8125229e-07  -4.1847488e-10            2.8125216e-07  -9.1950204e-10            
2.8320543e-07  -5.4861305e-10            2.832053e-07  -1.1681515e-09            
2.8515857e-07  -9.4470095e-10            2.8515844e-07  -9.5074539e-10            
2.8711171e-07  -1.6475024e-09            2.8711158e-07  -8.2432314e-10            
2.8906485e-07  -1.8342388e-09            2.8906472e-07  -1.2611475e-09            
2.9101799e-07  -1.69735e-09            2.9101786e-07  -1.1833693e-09            
2.9297113e-07  -1.6919157e-09            2.92971e-07  -1.1055213e-09            
2.9492427e-07  -1.4877956e-09            2.9492414e-07  -7.0131671e-10            
2.9687741e-07  -1.6812164e-09            2.9687728e-07  -6.2343817e-10            
2.9883055e-07  -1.4743976e-09            2.9883042e-07  -5.4565995e-10            
3.007837e-07  -1.3439849e-09            3.0078356e-07  -7.9430874e-10            
3.0273684e-07  -1.4610658e-09            3.027367e-07  -7.1653051e-10            
3.0468998e-07  -1.2489821e-09            3.0468984e-07  -6.3868651e-10            
3.0664312e-07  -1.2410847e-09            3.0664298e-07  -3.5982802e-10            
3.0859626e-07  -1.1145564e-09            3.0859612e-07  -2.8076969e-10            
3.105494e-07  -1.1078059e-09            3.1054926e-07  -4.052482e-10            
3.1250254e-07  -1.2170536e-09            3.125024e-07  -3.2746997e-10            
3.1445568e-07  -1.1918757e-09            3.1445554e-07  -2.496293e-10            
3.1640882e-07  -2.0853527e-10            3.1640868e-07  -1.7185173e-10            
3.1836196e-07  9.9609229e-12            3.1836182e-07  -9.3965889e-11            
3.203151e-07  1.5395954e-11            3.2031496e-07  -4.5910432e-10            
3.2226824e-07  2.0830986e-11            3.222681e-07  -5.9126347e-10            
3.2422139e-07  -8.1778884e-11            3.2422124e-07  -8.3991226e-10            
3.2617453e-07  -7.5028297e-11            3.2617438e-07  -9.7585327e-10            
3.2812767e-07  -6.8332355e-11            3.2812752e-07  -8.9935581e-10            
3.3008081e-07  -6.1696521e-11            3.3008066e-07  -8.2285835e-10            
3.3203395e-07  -5.4945934e-11            3.320338e-07  -7.4624797e-10            
3.3398709e-07  -4.8364745e-11            3.3398694e-07  -4.5085172e-10            
3.3594023e-07  -4.1614158e-11            3.3594008e-07  -3.730735e-10            
3.3789337e-07  -5.5877752e-10            3.3789322e-07  -1.9032658e-10            
3.3984651e-07  -1.5630159e-09            3.3984636e-07  5.1596175e-12            
3.4179965e-07  -1.6536669e-09            3.417995e-07  -1.3956941e-10            
3.4375279e-07  -1.6469655e-09            3.4375264e-07  -6.1791186e-11            
3.4570594e-07  -1.3139081e-09            3.4570578e-07  1.5817646e-11            
3.4765908e-07  -1.3071575e-09            3.4765892e-07  9.3595874e-11            
3.4961222e-07  -1.5361829e-09            3.4961206e-07  1.7142459e-10            
3.5156536e-07  -1.2938257e-09            3.515652e-07  2.4920215e-10            
3.535185e-07  -1.2870751e-09            3.5351834e-07  3.2709996e-10            
3.5547164e-07  -1.280494e-09            3.5547148e-07  4.0487818e-10            
3.5742478e-07  -1.2737434e-09            3.5742462e-07  4.8265641e-10            
3.5937792e-07  -1.2670365e-09            3.5937776e-07  5.6043464e-10            
3.6133106e-07  -1.2604116e-09            3.613309e-07  6.3825937e-10            
3.632842e-07  -1.253661e-09            3.6328404e-07  7.1603693e-10            
3.6523734e-07  -1.2469521e-09            3.6523718e-07  7.9393872e-10            
3.6719049e-07  -1.2403292e-09            3.6719032e-07  8.7171695e-10            
3.6914363e-07  -1.2335786e-09            3.6914346e-07  6.2306816e-10            
3.7109677e-07  -1.2269975e-09            3.710966e-07  7.0084639e-10            
3.7304991e-07  -1.2202469e-09            3.7304974e-07  7.7866713e-10            
3.7500305e-07  -1.2134963e-09            3.7500288e-07  7.7579802e-10            
3.7695619e-07  -1.2793082e-09            3.7695602e-07  6.0792345e-10            
3.7890933e-07  -1.2712414e-09            3.7890916e-07  6.8570168e-10            
3.8086247e-07  -1.2632107e-09            3.808623e-07  7.6347991e-10            
3.8281561e-07  -1.5132598e-09            3.8281544e-07  5.1483111e-10            
3.8476875e-07  -1.5065092e-09            3.8476858e-07  8.4482875e-10            
3.8672189e-07  -5.2051167e-10            3.8672172e-07  6.7042544e-10            
3.8867503e-07  7.4326121e-11            3.8867486e-07  7.483352e-10            
3.9062818e-07  -1.8071872e-10            3.90628e-07  8.2611342e-10            
3.9258132e-07  -1.7400024e-10            3.9258114e-07  9.0389165e-10            
3.9453446e-07  -1.6738695e-10            3.9453428e-07  6.5527807e-10            
3.964876e-07  -4.8706338e-10            3.9648742e-07  9.9291714e-10            
3.9844074e-07  -4.8048219e-10            3.9844056e-07  8.108332e-10            
4.0039388e-07  -4.1713337e-10            4.003937e-07  8.8874694e-10            
4.0234702e-07  -4.6698102e-10            4.0234684e-07  9.6652517e-10            
4.0430016e-07  -7.3286109e-10            4.0429998e-07  9.8285831e-10            
4.062533e-07  -7.8007626e-10            4.0625312e-07  1.1221129e-09            
4.0820644e-07  -7.7335231e-10            4.0820626e-07  8.7346339e-10            
4.1015958e-07  -7.6674448e-10            4.101594e-07  8.9377569e-10            
4.1211273e-07  -7.599939e-10            4.1211254e-07  7.0273167e-10            
4.1406587e-07  -1.0798397e-09            4.1406568e-07  1.2765586e-10            
4.1601901e-07  -1.0730891e-09            4.1601882e-07  -1.2082353e-10            
4.1797215e-07  -1.0663386e-09            4.1797196e-07  -4.3045307e-11            
4.1992529e-07  -1.0597574e-09            4.199251e-07  3.4590097e-11            
4.2187843e-07  -1.0530068e-09            4.2187824e-07  6.2469437e-11            
4.2383157e-07  -1.0462562e-09            4.2383138e-07  1.9028938e-10            
4.2578471e-07  -1.039675e-09            4.2578452e-07  2.2072827e-10            
4.2773785e-07  -1.0710953e-09            4.2773766e-07  3.4584583e-10            
4.2969099e-07  -1.35262e-09            4.296908e-07  4.2364731e-10            
4.3164413e-07  -1.3460197e-09            4.3164394e-07  1.7499786e-10            
4.3359727e-07  -1.3392691e-09            4.3359708e-07  5.7920244e-10            
4.3555042e-07  -1.3326879e-09            4.3555022e-07  3.3070113e-10            
4.3750356e-07  -1.3259373e-09            4.3750336e-07  4.0847935e-10            
4.394567e-07  -1.3191867e-09            4.394565e-07  7.7428142e-10            
4.4140984e-07  -1.2836483e-09            4.4140964e-07  8.9048209e-10            
4.4336298e-07  -1.2782139e-09            4.4336278e-07  9.6825966e-10            
4.4531612e-07  -9.7267733e-10            4.4531592e-07  1.0461887e-09            
4.4726926e-07  -9.6609614e-10            4.4726906e-07  1.1239669e-09            
4.492224e-07  -9.5934555e-10            4.492222e-07  1.2017451e-09            
4.5117554e-07  -9.5260658e-10            4.5117534e-07  1.2795234e-09            
4.5312868e-07  -9.4601378e-10            4.5312848e-07  1.3573169e-09            
4.5508182e-07  -9.3926319e-10            4.5508162e-07  1.4632568e-09            
4.5703497e-07  -1.2406817e-09            4.5703476e-07  1.5130274e-09            
4.5898811e-07  -1.2523584e-09            4.589879e-07  1.5908057e-09            
4.6094125e-07  -1.229813e-09            4.6094104e-07  1.6685839e-09            
4.6289439e-07  -1.2390267e-09            4.6289418e-07  1.442977e-09            
4.6484753e-07  -1.2191137e-09            4.6484732e-07  1.8241517e-09            
4.6680067e-07  -1.2136793e-09            4.6680046e-07  1.5755022e-09            
4.6875381e-07  -8.9251727e-10            4.687536e-07  1.3462138e-09            
4.7070695e-07  -8.8576669e-10            4.7070674e-07  1.4227119e-09            
4.7266009e-07  -5.6049061e-10            4.7265988e-07  1.4825686e-09            
4.7461323e-07  -5.5258908e-10            4.7461302e-07  1.5603469e-09            
4.7656637e-07  -5.3925731e-10            4.7656616e-07  1.6381324e-09            
4.7851952e-07  -5.3645748e-10            4.785193e-07  1.71591e-09            
4.8047266e-07  -5.2592553e-10            4.8047244e-07  1.7938509e-09            
4.824258e-07  -8.4560196e-10            4.8242558e-07  1.8613883e-09            
4.8437894e-07  -8.3902077e-10            4.8437872e-07  1.6229804e-09            
-          -              4.8633186e-07  1.7084432e-09            
-          -              4.88285e-07  1.4585137e-09            
-          -              4.9023814e-07  1.8614381e-09            
-          -              4.9219128e-07  2.2606897e-09            
-          -              4.9414442e-07  2.0120409e-09            
-          -              4.9609756e-07  2.413686e-09            
-          -              4.980507e-07  1.8411704e-09            
