Profile 1             Profile 2             
x       y           x       y           
[m]     [m]         [m]     [m]         
0  -2.8319106e-11            0  3.6131273e-11            
7.7819922e-08  2.1399758e-10            7.782078e-08  3.9256828e-10            
1.5563984e-07  -1.0000271e-09            1.5564156e-07  4.5765329e-10            
2.3345977e-07  1.1613623e-10            2.3346234e-07  -5.5653832e-11            
3.1127969e-07  -2.2404179e-10            3.1128312e-07  5.8242431e-10            
3.8909961e-07  -2.7293759e-10            3.891039e-07  1.2218673e-09            
4.6691953e-07  -6.1318537e-10            4.6692468e-07  1.4370379e-10            
5.4473945e-07  -6.6208117e-10            5.4474546e-07  5.1101351e-10            
6.2255937e-07  1.6279998e-10            6.2256624e-07  -1.4603605e-11            
7.003793e-07  1.1390419e-10            7.0038702e-07  3.3075666e-10            
7.7819922e-07  6.4757285e-10            7.782078e-07  4.3693743e-10            
8.5601914e-07  -2.7523939e-10            8.5602857e-07  -1.2156735e-10            
9.3383906e-07  2.5835953e-10            9.3384935e-07  2.3480022e-10            
1.011659e-06  -8.1748749e-11            1.0116701e-06  2.9988557e-10            
1.0894789e-06  4.5185017e-10            1.0894909e-06  1.1197931e-10            
1.1672988e-06  -1.7961009e-10            1.1673117e-06  7.4191617e-10            
1.2451187e-06  -2.2857564e-10            1.2451325e-06  -3.1299951e-10            
1.3229387e-06  1.3741044e-11            1.3229533e-06  9.8012308e-13            
1.4007586e-06  -6.1771922e-10            1.400774e-06  4.2817592e-11            
1.4785785e-06  -3.7533278e-10            1.4785948e-06  1.8585171e-10            
1.5563984e-06  -1.3294634e-10            1.5564156e-06  4.9168416e-10            
1.6342184e-06  -1.8191189e-10            1.6342364e-06  -2.8698515e-10            
1.7120383e-06  -2.3080769e-10            1.7120571e-06  1.1946499e-11            
1.7898582e-06  8.8535569e-10            1.7898779e-06  -4.1118112e-10            
1.8676781e-06  -3.2866903e-10            1.8676987e-06  4.0057889e-10            
1.945498e-06  -3.7763458e-10            1.9455195e-06  2.4139059e-10            
2.023318e-06  1.5596434e-10            2.0233403e-06  -4.9482233e-10            
2.1011379e-06  -1.8421369e-10            2.101161e-06  3.3743414e-10            
2.1789578e-06  -2.3310949e-10            2.1789818e-06  1.112461e-10            
2.2567777e-06  -2.8207503e-10            2.2568026e-06  7.5895616e-10            
2.3345977e-06  -6.2225306e-10            2.3346234e-06  -8.7798463e-12            
2.4124176e-06  -6.7121861e-10            2.4124442e-06  5.7613095e-11            
2.4902375e-06  -4.2883217e-10            2.4902649e-06  -1.2339628e-10            
2.5680574e-06  -1.8644574e-10            2.5680857e-06  -1.0069365e-10            
2.6458773e-06  -2.3541129e-10            2.6459065e-06  -2.7902725e-10            
2.7236973e-06  -5.7558931e-10            2.7237273e-06  -5.9821565e-10            
2.8015172e-06  -3.3327263e-10            2.8015481e-06  9.8664959e-11            
2.8793371e-06  2.0032629e-10            2.8793688e-06  1.3322863e-11            
2.957157e-06  -7.2241621e-10            2.9571896e-06  2.31628e-10            
3.034977e-06  -1.8874754e-10            3.0350104e-06  6.0131681e-11            
3.1127969e-06  -5.2899532e-10            3.1128312e-06  7.3250856e-11            
3.1906168e-06  -2.8660888e-10            3.190652e-06  -3.867229e-10            
3.2684367e-06  -3.3550468e-10            3.2684727e-06  -3.7633877e-10            
3.3462566e-06  1.9809424e-10            3.3462935e-06  -7.7393374e-11            
3.4240766e-06  -4.3336602e-10            3.4241143e-06  -7.2479005e-11            
3.5018965e-06  1.0023289e-10            3.5019351e-06  4.5072628e-10            
3.5797164e-06  -2.3994513e-10            3.5797559e-06  -4.7552834e-11            
3.6575363e-06  2.3715507e-12            3.6575766e-06  -6.2657078e-10            
3.7353563e-06  -4.6524245e-11            3.7353974e-06  2.4810311e-10            
3.8131762e-06  -3.8670227e-10            3.8132182e-06  1.5590736e-10            
3.8909961e-06  -7.2695005e-10            3.891039e-06  -2.0423728e-10            
3.968816e-06  -4.8456362e-10            3.9688598e-06  -6.5202614e-10            
4.0466359e-06  4.9035299e-11            4.0466805e-06  -4.4328121e-10            
4.1244559e-06  -2.9114273e-10            4.1245013e-06  -5.1906801e-10            
4.2022758e-06  -3.4010828e-10            4.2023221e-06  -1.6131555e-10            
4.2800957e-06  -9.7721841e-11            4.2801429e-06  -9.4810944e-11            
4.3579156e-06  -1.4661764e-10            4.3579637e-06  -6.7251278e-10            
4.4357355e-06  -4.8686542e-10            4.4357844e-06  -4.6652156e-10            
4.5135555e-06  -2.4447898e-10            4.5136052e-06  -1.3345294e-10            
4.5913754e-06  -2.9344453e-10            4.591426e-06  -6.2214434e-10            
4.6691953e-06  -5.1058092e-11            4.6692468e-06  -1.3581205e-10            
4.7470152e-06  -9.9953888e-11            4.7470675e-06  9.6060904e-11            
4.8248352e-06  -4.4020167e-10            4.8248883e-06  -2.9692424e-10            
4.9026551e-06  -4.8916722e-10            4.9027091e-06  -3.5079303e-10            
4.980475e-06  4.4431701e-11            4.9805299e-06  -3.7049406e-10            
5.0582949e-06  -2.9567658e-10            5.0583507e-06  -3.0404119e-10            
5.1361148e-06  -6.3592436e-10            5.1361714e-06  -3.2779665e-10            
5.2139348e-06  1.8895679e-10            5.2139922e-06  -2.7916971e-10            
5.2917547e-06  -1.5115148e-10            5.291813e-06  -3.0290355e-10            
5.3695746e-06  -2.0011703e-10            5.3696338e-06  -1.3254159e-10            
5.4473945e-06  -2.4901283e-10            5.4474546e-06  -5.5429448e-10            
5.5252145e-06  -2.9797838e-10            5.5252753e-06  -2.9363053e-10            
5.6030344e-06  -5.5591939e-11            5.6030961e-06  -1.3003741e-10            
5.6808543e-06  -1.0455749e-10            5.6809169e-06  -1.6341399e-10            
5.7586742e-06  -4.4473551e-10            5.7587377e-06  -9.485548e-12            
5.8364941e-06  -4.9370106e-10            5.8365585e-06  6.9275021e-11            
5.9143141e-06  3.9897854e-11            5.9143792e-06  -3.6337286e-10            
5.992134e-06  -5.9156241e-10            5.9922e-06  -1.942864e-10            
6.0699539e-06  -5.7893739e-11            6.0700208e-06  5.5998561e-10            
6.1477738e-06  1.8442295e-10            6.1478416e-06  -5.3864657e-10            
6.2255937e-06  -4.4703731e-10            6.2256624e-06  4.7413135e-10            
6.3034137e-06  8.6561602e-11            6.3034831e-06  1.7682298e-10            
6.3812336e-06  3.7665806e-11            6.3813039e-06  -6.3054432e-10            
6.4590535e-06  5.7133447e-10            6.4591247e-06  6.1612279e-10            
6.5368734e-06  -6.0125786e-11            6.5369455e-06  -9.1442242e-11            
6.6146934e-06  1.8212115e-10            6.6147663e-06  1.5137875e-10            
6.6925133e-06  4.2450758e-10            6.692587e-06  2.1787321e-10            
6.7703332e-06  -2.0695268e-10            6.7704078e-06  -2.4487686e-10            
6.8481531e-06  6.1799822e-10            6.8482286e-06  1.7986683e-10            
6.925973e-06  8.6031491e-10            6.9260494e-06  -4.5654611e-10            
7.003793e-06  5.2013688e-10            7.0038702e-06  -2.669871e-10            
7.0816129e-06  4.7117133e-10            7.0816909e-06  -2.8124784e-10            
7.1594328e-06  1.3092355e-10            7.1595117e-06  -5.2030029e-11            
7.2372527e-06  3.7330999e-10            7.2373325e-06  -3.5480816e-10            
7.3150727e-06  6.1569642e-10            7.3151533e-06  -2.5276074e-10            
7.3928926e-06  -3.0704607e-10            7.3929741e-06  3.6339709e-10            
7.4707125e-06  2.2655285e-10            7.4707948e-06  -4.1387294e-10            
7.5485324e-06  4.6886953e-10            7.5486156e-06  1.0115866e-10            
7.6263523e-06  1.286915e-10            7.6264364e-06  -3.0691868e-10            
7.7041723e-06  7.9725956e-11            7.7042572e-06  -5.3038052e-10            
7.7819922e-06  3.083016e-11            7.782078e-06  4.1128656e-10            
7.8598121e-06  -1.8065637e-11            7.8598987e-06  -8.838169e-11            
7.937632e-06  8.0688526e-10            7.9377195e-06  -3.5600769e-11            
8.015452e-06  7.5791972e-10            8.0155403e-06  -3.99884e-10            
8.0932719e-06  1.263897e-10            8.0933611e-06  -4.21132e-11            
8.1710918e-06  -5.0507056e-10            8.1711818e-06  -4.1463529e-10            
8.2489117e-06  -2.6268412e-10            8.2490026e-06  8.1698089e-10            
8.3267316e-06  -3.1164967e-10            8.3268234e-06  3.0220178e-10            
8.4045516e-06  2.2194925e-10            8.4046442e-06  3.672868e-10            
8.4823715e-06  7.5561792e-10            8.482465e-06  -2.8554165e-10            
8.5601914e-06  1.240879e-10            8.5602857e-06  -8.5071605e-11            
8.6380113e-06  3.6647434e-10            8.6381065e-06  -1.5940377e-10            
8.7158312e-06  3.1757854e-10            8.7159273e-06  3.2140833e-10            
8.7936512e-06  -3.1388172e-10            8.7937481e-06  -4.7234728e-10            
8.8714711e-06  -7.1565031e-11            8.8715689e-06  -9.5467197e-11            
8.949291e-06  -9.9437727e-10            8.9493896e-06  1.2968767e-10            
9.0271109e-06  -1.6935662e-10            9.0272104e-06  -4.0967213e-10            
9.1049309e-06  7.2890309e-11            9.1050312e-06  2.3931344e-10            
9.1827508e-06  -2.6721797e-10            9.182852e-06  -1.468449e-10            
9.2605707e-06  -2.4901283e-11            9.2606728e-06  -2.4446359e-10            
9.3383906e-06  -7.3797079e-11            9.3384935e-06  -4.351049e-10            
9.4162105e-06  -1.2276263e-10            9.4163143e-06  1.2778866e-10            
9.4940305e-06  -1.7165842e-10            9.4941351e-06  -3.0216936e-10            
9.5718504e-06  -5.119062e-10            9.5719559e-06  -1.1262901e-10            
9.6496703e-06  -2.6951977e-10            9.6497767e-06  1.2201796e-10            
9.7274902e-06  -2.7133331e-11            9.7275974e-06  -1.0274198e-10            
9.8053102e-06  -3.6738111e-10            9.8054182e-06  -2.742668e-10            
9.8831301e-06  1.6621781e-10            9.883239e-06  3.0134937e-11            
9.96095e-06  -4.6524245e-10            9.9610598e-06  -7.8413121e-11            
1.003877e-05  -2.2285602e-10            1.0038881e-05  4.8196316e-11            
1.011659e-05  -2.7182157e-10            1.0116701e-05  2.5120361e-12            
1.019441e-05  -6.1199959e-10            1.0194522e-05  -1.0737604e-10            
1.027223e-05  2.1288155e-10            1.0272343e-05  1.0558293e-09            
1.035005e-05  -4.1857871e-10            1.0350164e-05  -4.0800169e-10            
1.042787e-05  -4.6754425e-10            1.0427984e-05  -4.8643643e-10            
1.0505689e-05  -2.2515782e-10            1.0505805e-05  5.7237485e-11            
1.0583509e-05  3.084411e-10            1.0583626e-05  -3.2618025e-10            
1.0661329e-05  -3.2301916e-10            1.0661447e-05  8.3318649e-12            
1.0739149e-05  5.0193174e-10            1.0739268e-05  1.7869153e-10            
1.0816969e-05  -4.208805e-10            1.0817088e-05  -3.2508813e-10            
1.0894789e-05  -4.697763e-10            1.0894909e-05  2.1179206e-10            
1.0972609e-05  -5.1874185e-10            1.097273e-05  -3.0290617e-10            
1.1050429e-05  -2.7635541e-10            1.1050551e-05  1.5329053e-10            
1.1128249e-05  -3.2525121e-10            1.1128371e-05  -2.6707159e-10            
1.1206069e-05  -6.6549899e-10            1.1206192e-05  -2.0196201e-10            
1.1283889e-05  -1.3183032e-10            1.1284013e-05  1.6668838e-10            
1.1361709e-05  -4.720781e-10            1.1361834e-05  2.194657e-10            
1.1439529e-05  -5.209739e-10            1.1439655e-05  -9.6918225e-11            
1.1517348e-05  -5.6993944e-10            1.1517475e-05  8.303866e-11            
1.1595168e-05  -3.2755301e-10            1.1595296e-05  -5.1534564e-11            
1.1672988e-05  -3.7651856e-10            1.1673117e-05  1.62855e-11            
1.1750808e-05  -1.3413212e-10            1.1750938e-05  -1.2232054e-10            
1.1828628e-05  -1.8302792e-10            1.1828758e-05  -1.3930683e-10            
1.1906448e-05  -5.232757e-10            1.1906579e-05  -1.5348767e-10            
1.1984268e-05  -2.8088926e-10            1.19844e-05  -5.547775e-10            
1.2062088e-05  -9.1241927e-10            1.2062221e-05  6.4173338e-11            
1.2139908e-05  -6.7003284e-10            1.2140042e-05  -2.9462244e-10            
1.2217728e-05  -7.1899838e-10            1.2217862e-05  6.2926685e-10            
1.2295548e-05  -4.7661195e-10            1.2295683e-05  4.0855807e-10            
1.2373368e-05  -8.1685973e-10            1.2373504e-05  1.8783094e-10            
1.2451187e-05  8.0214216e-12            1.2451325e-05  2.5701853e-10            
1.2529007e-05  -6.2343884e-10            1.2529146e-05  -2.6040819e-10            
1.2606827e-05  -3.810524e-10            1.2606966e-05  2.4775435e-10            
1.2684647e-05  -1.3866597e-10            1.2684787e-05  2.4255508e-11            
1.2762467e-05  -1.8756176e-10            1.2762608e-05  -1.3214469e-10            
1.2840287e-05  -8.1916153e-10            1.2840429e-05  3.8559018e-10            
1.2918107e-05  2.9707161e-10            1.2918249e-05  -6.3458794e-11            
1.2995927e-05  -3.3438865e-10            1.299607e-05  6.7212931e-11            
1.3073747e-05  -1.2572009e-09            1.3073891e-05  -2.8063874e-10            
1.3151567e-05  -1.0148145e-09            1.3151712e-05  -6.7367334e-10            
1.3229387e-05  -7.7249778e-10            1.3229533e-05  -1.9833133e-10            
1.3307207e-05  -5.3011134e-10            1.3307353e-05  -4.8331791e-10            
1.3385027e-05  -5.7900714e-10            1.3385174e-05  -5.3031339e-10            
1.3462846e-05  -6.2797269e-10            1.3462995e-05  -4.0779211e-10            
1.3540666e-05  -9.6822046e-10            1.3540816e-05  -6.3262147e-10            
1.3618486e-05  -1.0171163e-09            1.3618636e-05  -4.1027107e-10            
1.3696306e-05  -1.0660818e-09            1.3696457e-05  -1.5777755e-10            
1.3774126e-05  -2.4106116e-10            1.3774278e-05  -4.8242392e-10            
1.3851946e-05  -8.7259117e-10            1.3852099e-05  -5.6228446e-10            
1.3929766e-05  -3.389225e-10            1.392992e-05  -5.4506272e-10            
1.4007586e-05  -3.8788805e-10            1.400774e-05  -2.7895194e-10            
1.4085406e-05  1.4571087e-10            1.4085561e-05  -4.1489268e-10            
1.4163226e-05  9.6815071e-11            1.4163382e-05  -4.3453444e-10            
1.4241046e-05  -2.4336296e-10            1.4241203e-05  -3.2568838e-10            
1.4318866e-05  -5.8361074e-10            1.4319023e-05  -2.5922602e-10            
1.4396686e-05  -1.506423e-09            1.4396844e-05  -7.7534711e-10            
1.4474505e-05  -6.8147208e-10            1.4474665e-05  1.7260056e-11            
1.4552325e-05  -4.3908564e-10            1.4552486e-05  -6.0687728e-10            
1.4630145e-05  -4.8798144e-10            1.4630307e-05  -6.1010681e-10            
1.4707965e-05  -5.3694699e-10            1.4708127e-05  -8.0074811e-10            
1.4785785e-05  -5.8584278e-10            1.4785948e-05  -7.3429525e-10            
1.4863605e-05  -5.2174116e-11            1.4863769e-05  -6.6784238e-10            
1.4941425e-05  -6.8370413e-10            1.494159e-05  -6.3010747e-10            
1.5019245e-05  1.4117702e-10            1.501941e-05  -8.5356931e-10            
1.5097065e-05  -7.8156547e-10            1.5097231e-05  -7.5975978e-10            
1.5174885e-05  -5.3917904e-10            1.5175052e-05  -7.1785878e-10            
1.5252705e-05  -8.7942682e-10            1.5252873e-05  -9.1807274e-10            
1.5330525e-05  -1.2196746e-09            1.5330694e-05  -5.82218e-10            
1.5408345e-05  -1.0337171e-10            1.5408514e-05  -9.9439299e-10            
1.5486164e-05  -1.0262537e-09            1.5486335e-05  -4.4650746e-10            
1.5563984e-05  -7.8386727e-10            1.5564156e-05  -9.4353924e-10            
1.5641804e-05  -5.4148083e-10            1.5641977e-05  -8.6061061e-10            
1.5719624e-05  -5.9037663e-10            1.5719797e-05  -5.1928218e-10            
1.5797444e-05  -6.3934218e-10            1.5797618e-05  -4.6650486e-10            
1.5875264e-05  -9.7958996e-10            1.5875439e-05  -4.1092569e-10            
1.5953084e-05  -7.3720352e-10            1.595326e-05  -8.9154884e-10            
1.6030904e-05  -4.9481709e-10            1.6031081e-05  -5.4468678e-10            
1.6108724e-05  -5.4378263e-10            1.6108901e-05  -4.8643905e-10            
1.6186544e-05  -1.1753126e-09            1.6186722e-05  -9.8066865e-10            
1.6264364e-05  -6.4164398e-10            1.6264543e-05  -6.366091e-10            
1.6342184e-05  -3.9925754e-10            1.6342364e-05  -1.1404133e-09            
1.6420004e-05  -7.3950532e-10            1.6420184e-05  7.6126058e-11            
1.6497823e-05  -1.0796833e-09            1.6498005e-05  -1.0156436e-09            
1.6575643e-05  -8.3736667e-10            1.6575826e-05  -7.9377198e-11            
1.6653463e-05  -3.0362825e-10            -          -              
1.6731283e-05  -6.1311562e-11            -          -              
1.6809103e-05  -6.9284157e-10            -          -              
1.6886923e-05  -4.5045514e-10            -          -              
1.6964743e-05  -4.9935093e-10            -          -              
1.7042563e-05  -2.5703425e-10            -          -              
1.7120383e-05  -5.9721228e-10            -          -              
1.7198203e-05  -6.3543609e-11            -          -              
1.7276023e-05  4.7005531e-10            -          -              
1.7353843e-05  -7.4403917e-10            -          -              
1.7431662e-05  -2.103705e-10            -          -              
1.7509482e-05  6.145804e-10            -          -              
1.7587302e-05  1.1482491e-09            -          -              
1.7665122e-05  -6.4840987e-10            -          -              
1.7742942e-05  -4.0609319e-10            -          -              
1.7820762e-05  -1.6370675e-10            -          -              
1.7898582e-05  7.8609932e-11            -          -              
1.7976402e-05  2.9644384e-11            -          -              
1.8054222e-05  -6.0181588e-10            -          -              
1.8132042e-05  -3.5942944e-10            -          -              
1.8209862e-05  -9.9095945e-10            -          -              
1.8287682e-05  -1.6600855e-10            -          -              
1.8365502e-05  -7.9753856e-10            -          -              
1.8443321e-05  -8.4643436e-10            -          -              
1.8521141e-05  -3.1276569e-10            -          -              
1.8598961e-05  -3.6166149e-10            -          -              
1.8676781e-05  -1.193448e-10            -          -              
1.8754601e-05  -4.5952283e-10            -          -              
1.8832421e-05  -2.1720615e-10            -          -              
1.8910241e-05  -5.5738418e-10            -          -              
1.8988061e-05  -3.1506749e-10            -          -              
1.9065881e-05  -3.6396329e-10            -          -              
1.9143701e-05  -7.0421107e-10            -          -              
1.9221521e-05  -7.5310686e-10            -          -              
1.9299341e-05  -8.0207241e-10            -          -              
1.9377161e-05  -2.6840374e-10            -          -              
1.945498e-05  -8.9993375e-10            -          -              
1.95328e-05  -3.6626509e-10            -          -              
1.961062e-05  -1.2387865e-10            -          -              
