Profile 1             Profile 2             
x       y           x       y           
[m]     [m]         [m]     [m]         
0  -1.45955e-09            0  -3.5567282e-10            
1.9535125e-07  -7.6354076e-10            1.9536656e-07  4.8089738e-10            
3.907025e-07  -1.2736616e-09            3.9073312e-07  -9.0482128e-10            
5.8605374e-07  -1.0116024e-09            5.8609967e-07  -1.0402979e-09            
7.8140499e-07  -1.4894222e-09            7.8146623e-07  3.3790659e-10            
9.7675624e-07  -5.3781497e-11            9.7683279e-07  -1.4521909e-09            
1.1721075e-06  -8.4906916e-10            1.1721993e-06  -7.5260711e-10            
1.3674587e-06  -8.4641947e-10            1.3675659e-06  -3.8464068e-10            
1.56281e-06  -4.2939876e-10            1.5629325e-06  -7.2990318e-10            
1.7581612e-06  -7.9745821e-10            1.758299e-06  -7.2024617e-10            
1.9535125e-06  -9.1770046e-10            1.9536656e-06  -5.8494363e-10            
2.1488637e-06  -2.8621296e-10            2.1490321e-06  -1.0293084e-09            
2.344215e-06  2.1502823e-09            2.3443987e-06  3.7935797e-10            
2.5395662e-06  -1.0791253e-09            2.5397653e-06  3.5066232e-10            
2.7349175e-06  -5.2657097e-11            2.7351318e-06  -9.3316243e-11            
2.9302687e-06  -2.2570972e-10            2.9304984e-06  3.0108906e-10            
3.12562e-06  6.1486266e-10            3.1258649e-06  -9.7013189e-12            
3.3209712e-06  -1.0766857e-09            3.3212315e-06  1.9408652e-10            
3.5163225e-06  2.8009146e-10            3.516598e-06  3.4845935e-10            
3.7116737e-06  -6.7506578e-10            3.7119646e-06  8.9186614e-10            
3.907025e-06  -5.0474324e-10            3.9073312e-06  8.0595329e-10            
4.1023762e-06  2.5339205e-12            4.1026977e-06  6.8571391e-10            
4.2977275e-06  -7.7331951e-10            4.2980643e-06  7.1041825e-10            
4.4930787e-06  5.6888872e-11            4.4934308e-06  1.6351201e-09            
4.68843e-06  -1.7307084e-10            4.6887974e-06  8.3226555e-10            
4.8837812e-06  8.6623314e-10            4.884164e-06  1.4442146e-09            
5.0791324e-06  -1.951108e-10            5.0795305e-06  1.652095e-09            
5.2744837e-06  -6.4435432e-10            5.2748971e-06  8.1889577e-10            
5.4698349e-06  -4.0945111e-10            5.4702636e-06  8.168922e-10            
5.6651862e-06  7.5983314e-11            5.6656302e-06  1.463095e-09            
5.8605374e-06  -1.576583e-10            5.8609967e-06  1.0532815e-09            
6.0558887e-06  -1.0351773e-10            6.0563633e-06  1.1922145e-09            
6.2512399e-06  6.8783614e-10            6.2517299e-06  1.3924289e-09            
6.4465912e-06  1.0679553e-10            6.4470964e-06  2.3398568e-09            
6.6419424e-06  -5.5851294e-11            6.642463e-06  2.1054109e-09            
6.8372937e-06  9.8741971e-10            6.8378295e-06  8.9085961e-10            
7.0326449e-06  -6.4953685e-11            7.0331961e-06  1.2015677e-09            
7.2279962e-06  4.6036962e-10            7.2285627e-06  7.0759173e-10            
7.4233474e-06  6.7868551e-10            7.4239292e-06  1.5942353e-09            
7.6186987e-06  3.2984484e-10            7.6192958e-06  1.3863011e-09            
7.8140499e-06  7.0811715e-10            7.8146623e-06  9.9526353e-10            
8.0094012e-06  9.6783006e-10            8.0100289e-06  2.5071626e-09            
8.2047524e-06  8.6949701e-10            8.2053954e-06  1.2191693e-10            
8.4001037e-06  6.8614793e-10            8.400762e-06  1.5956945e-09            
8.5954549e-06  6.0103864e-10            8.5961286e-06  8.5021219e-10            
8.7908062e-06  1.6274319e-09            8.7914951e-06  7.3760093e-10            
8.9861574e-06  1.3304594e-09            8.9868617e-06  1.5708762e-09            
9.1815087e-06  1.0670688e-09            9.1822282e-06  1.8434563e-09            
9.3768599e-06  1.5228262e-09            9.3775948e-06  1.3723521e-09            
9.5722112e-06  8.9520602e-10            9.5729614e-06  8.3664934e-10            
9.7675624e-06  9.2862397e-10            9.7683279e-06  8.8041447e-10            
9.9629136e-06  1.9372079e-09            9.9636945e-06  7.1059233e-10            
1.0158265e-05  4.4445651e-10            1.0159061e-05  1.5361793e-09            
1.0353616e-05  6.7060291e-09            1.0354428e-05  1.6217567e-09            
1.0548967e-05  1.4670831e-09            1.0549794e-05  1.4064412e-09            
1.0744319e-05  2.4007749e-09            1.0745161e-05  1.5187074e-09            
1.093967e-05  1.0771509e-09            1.0940527e-05  1.4443159e-09            
1.1135021e-05  1.3934515e-09            1.1135894e-05  1.6483633e-09            
1.1330372e-05  2.0584567e-09            1.133126e-05  1.837069e-09            
1.1525724e-05  1.5276968e-09            1.1526627e-05  1.4309461e-09            
1.1721075e-05  1.1363786e-09            1.1721993e-05  2.2144803e-09            
1.1916426e-05  1.8464316e-09            1.191736e-05  1.2476782e-09            
1.2111777e-05  1.3285932e-09            1.2112727e-05  9.711859e-10            
1.2307129e-05  1.3067344e-09            1.2308093e-05  1.6403332e-09            
1.250248e-05  1.4499331e-09            1.250346e-05  1.5126018e-09            
1.2697831e-05  1.7393531e-09            1.2698826e-05  2.2044942e-09            
1.2893182e-05  1.2291797e-09            1.2894193e-05  1.6152522e-09            
1.3088534e-05  1.092183e-09            1.3089559e-05  2.3379197e-09            
1.3283885e-05  1.6926128e-09            1.3284926e-05  2.6867019e-09            
1.3479236e-05  2.2388624e-09            1.3480293e-05  1.723831e-09            
1.3674587e-05  2.6494143e-09            1.3675659e-05  2.6903356e-09            
1.3869939e-05  1.8191062e-09            1.3871026e-05  1.8076485e-09            
1.406529e-05  1.2870547e-09            1.4066392e-05  1.4890781e-09            
1.4260641e-05  1.347707e-09            1.4261759e-05  1.4758254e-09            
1.4455992e-05  1.5787353e-09            1.4457125e-05  1.531039e-09            
1.4651344e-05  1.4690468e-09            1.4652492e-05  1.1552641e-09            
1.4846695e-05  3.7895059e-09            1.4847858e-05  2.4041641e-09            
1.5042046e-05  1.8924988e-09            1.5043225e-05  1.4106762e-09            
1.5237397e-05  2.0849042e-09            1.5238592e-05  1.450583e-09            
1.5432749e-05  1.7117265e-09            1.5433958e-05  9.8353965e-10            
1.56281e-05  2.2889073e-09            1.5629325e-05  1.4506716e-09            
1.5823451e-05  1.6341579e-09            1.5824691e-05  1.467694e-09            
1.6018802e-05  2.0989683e-09            1.6020058e-05  8.7838242e-10            
1.6214154e-05  2.7277204e-09            1.6215424e-05  1.1204723e-09            
1.6409505e-05  2.1143079e-09            1.6410791e-05  1.5342264e-09            
1.6604856e-05  3.3720704e-09            1.6606157e-05  1.4216151e-09            
1.6800207e-05  5.2793783e-09            1.6801524e-05  9.8507794e-10            
1.6995559e-05  2.1105478e-09            1.6996891e-05  1.1814054e-09            
1.719091e-05  2.730355e-09            1.7192257e-05  1.0383007e-09            
1.7386261e-05  2.2886575e-09            1.7387624e-05  9.4095197e-10            
1.7581612e-05  2.1219301e-09            1.758299e-05  1.5072178e-09            
1.7776964e-05  2.7636915e-09            1.7778357e-05  2.3669224e-09            
1.7972315e-05  2.176106e-09            1.7973723e-05  1.7702391e-09            
1.8167666e-05  2.2847002e-09            1.816909e-05  1.1694346e-09            
1.8363017e-05  2.6216408e-09            1.8364456e-05  1.3123716e-09            
1.8558369e-05  1.9190728e-09            1.8559823e-05  1.8405285e-09            
1.875372e-05  2.4472012e-09            1.875519e-05  1.6363862e-09            
1.8949071e-05  4.5945005e-09            1.8950556e-05  1.6917929e-09            
1.9144422e-05  6.5676431e-09            1.9145923e-05  1.5791816e-09            
1.9339774e-05  2.5916272e-09            1.9341289e-05  1.3597767e-09            
1.9535125e-05  2.021092e-09            1.9536656e-05  1.6781541e-09            
1.9730476e-05  3.3548946e-09            1.9732022e-05  2.2557861e-09            
1.9925827e-05  2.7724724e-09            1.9927389e-05  2.1013215e-09            
2.0121179e-05  2.5697737e-09            2.0122756e-05  1.714212e-09            
2.031653e-05  1.6541131e-09            2.0318122e-05  1.5863508e-09            
2.0511881e-05  2.3462421e-09            2.0513489e-05  1.7445598e-09            
2.0707232e-05  2.7374552e-09            2.0708855e-05  1.6511455e-09            
2.0902584e-05  3.1971345e-09            2.0904222e-05  1.717795e-09            
2.1097935e-05  2.4984349e-09            2.1099588e-05  2.1010113e-09            
2.1293286e-05  2.7258113e-09            2.1294955e-05  1.7786268e-09            
2.1488637e-05  1.9096564e-09            2.1490321e-05  2.5545329e-09            
2.1683989e-05  2.3563842e-09            2.1685688e-05  1.7900405e-09            
2.187934e-05  2.3420682e-09            2.1881055e-05  2.2722578e-09            
2.2074691e-05  2.5590281e-09            2.2076421e-05  2.1674519e-09            
2.2270042e-05  3.2072198e-09            2.2271788e-05  1.6047881e-09            
2.2465394e-05  2.9231806e-09            2.2467154e-05  2.2968387e-09            
2.2660745e-05  2.2349275e-09            2.2662521e-05  1.8755292e-09            
2.2856096e-05  2.615783e-09            2.2857887e-05  1.5456686e-09            
2.3051447e-05  2.5537095e-09            2.3053254e-05  1.5627416e-09            
2.3246799e-05  1.6652531e-09            2.324862e-05  1.8086582e-09            
2.344215e-05  2.3251968e-09            2.3443987e-05  2.0772375e-09            
2.3637501e-05  2.0487315e-09            2.3639354e-05  1.9572261e-09            
2.3832852e-05  1.5876137e-09            2.383472e-05  1.5547527e-09            
2.4028204e-05  2.4038909e-09            2.4030087e-05  2.6547778e-09            
2.4223555e-05  2.1531421e-09            2.4225453e-05  1.5965491e-09            
2.4418906e-05  2.0938158e-09            2.442082e-05  2.086559e-09            
2.4614257e-05  1.9697877e-09            2.4616186e-05  1.3563298e-09            
2.4809608e-05  2.0304495e-09            2.4811553e-05  2.2122267e-09            
2.500496e-05  2.0588372e-09            2.5006919e-05  1.7642505e-09            
2.5200311e-05  1.503542e-09            2.5202286e-05  2.58201e-09            
2.5395662e-05  1.6971136e-09            2.5397653e-05  2.191232e-09            
2.5591013e-05  1.427265e-09            2.5593019e-05  1.4302529e-09            
2.5786365e-05  1.4816114e-09            2.5788386e-05  1.9660095e-09            
2.5981716e-05  2.053451e-09            2.5983752e-05  1.7695237e-09            
2.6177067e-05  1.156053e-09            2.6179119e-05  1.5923488e-09            
2.6372418e-05  1.2192552e-09            2.6374485e-05  2.5435497e-09            
2.656777e-05  1.3742638e-09            2.6569852e-05  2.3586328e-09            
2.6763121e-05  1.4891199e-09            2.6765218e-05  1.7998843e-09            
2.6958472e-05  2.210956e-09            2.6960585e-05  1.8589056e-09            
2.7153823e-05  1.9604763e-09            2.7155952e-05  2.4479577e-09            
2.7349175e-05  1.0111768e-09            2.7351318e-05  1.8473495e-09            
2.7544526e-05  1.6168878e-09            2.7546685e-05  1.2772411e-09            
2.7739877e-05  1.3287958e-09            2.7742051e-05  2.4687688e-09            
2.7935228e-05  7.3221512e-10            2.7937418e-05  1.6126852e-09            
2.813058e-05  7.5039632e-10            2.8132784e-05  1.4620378e-09            
2.8325931e-05  2.4159924e-10            2.8328151e-05  1.9900839e-09            
2.8521282e-05  5.9016444e-10            2.8523518e-05  1.5457667e-09            
2.8716633e-05  3.1042659e-09            2.8718884e-05  1.2502325e-09            
2.8911985e-05  3.8730931e-10            2.8914251e-05  1.3054399e-09            
2.9107336e-05  1.5490893e-10            2.9109617e-05  1.5054485e-09            
2.9302687e-05  5.1639884e-10            2.9304984e-05  1.7324213e-09            
2.9498038e-05  2.5042294e-10            2.950035e-05  2.5997541e-09            
2.969339e-05  1.2419522e-09            2.9695717e-05  4.7751126e-09            
2.9888741e-05  9.8372066e-10            2.9891083e-05  1.2232239e-09            
3.0084092e-05  7.07414e-10            3.008645e-05  1.636785e-09            
3.0279443e-05  4.8791475e-10            3.0281817e-05  2.0466934e-09            
3.0474795e-05  -9.9436012e-11            3.0477183e-05  2.7195946e-09            
3.0670146e-05  3.2638053e-10            3.067255e-05  1.0704622e-09            
3.0865497e-05  4.4115834e-10            3.0867916e-05  1.0265103e-09            
3.1060848e-05  6.7614623e-10            3.1063283e-05  9.5586003e-10            
3.12562e-05  8.9179851e-10            3.1258649e-05  2.05592e-09            
3.1451551e-05  3.3783998e-10            3.1454016e-05  1.2951878e-09            
3.1646902e-05  -5.9614659e-11            3.1649382e-05  1.4266256e-09            
3.1842253e-05  -7.9098192e-11            3.1844749e-05  1.1767146e-09            
3.2037605e-05  1.0984138e-09            3.2040116e-05  1.0488914e-09            
3.2232956e-05  7.7287147e-10            3.2235482e-05  1.1689377e-09            
3.2428307e-05  4.0732879e-10            3.2430849e-05  2.8486902e-09            
3.2623658e-05  -8.0621331e-11            3.2626215e-05  1.5692208e-09            
3.281901e-05  8.2712459e-10            3.2821582e-05  1.4797502e-09            
3.3014361e-05  1.2717408e-10            3.3016948e-05  2.0000226e-09            
3.3209712e-05  6.2417621e-10            3.3212315e-05  2.5510512e-09            
3.3405063e-05  4.2525702e-10            3.3407681e-05  1.1571853e-09            
3.3600415e-05  -1.0124427e-10            3.3603048e-05  1.3535128e-09            
3.3795766e-05  1.0398078e-10            3.3798415e-05  8.9409127e-10            
3.3991117e-05  1.9290273e-10            3.3993781e-05  1.6546557e-09            
3.4186468e-05  2.4698007e-10            3.4189148e-05  1.5496789e-09            
3.438182e-05  3.0132645e-10            3.4384514e-05  3.0098461e-10            
3.4577171e-05  1.8519379e-10            3.4579881e-05  1.3323662e-09            
3.4772522e-05  -2.3837074e-10            3.4775247e-05  8.8031002e-10            
3.4967873e-05  1.8248944e-10            3.4970614e-05  2.3541414e-09            
3.5163225e-05  -5.111252e-11            3.516598e-05  8.7256479e-10            
3.5358576e-05  6.4070672e-10            3.5361347e-05  5.8083521e-10            
3.5553927e-05  6.6653684e-10            3.5556714e-05  1.4825704e-09            
3.5749278e-05  3.5647995e-10            3.575208e-05  3.0860228e-09            
3.594463e-05  1.3843438e-09            3.5947447e-05  5.4440067e-10            
3.6139981e-05  5.8502371e-10            3.6142813e-05  7.6751201e-10            
3.6335332e-05  2.3267049e-10            3.633818e-05  6.2829729e-10            
3.6530683e-05  4.8420605e-10            3.6533546e-05  7.025749e-10            
3.6726035e-05  1.7522682e-09            3.6728913e-05  8.4931961e-10            
3.6921386e-05  -4.2305967e-11            3.692428e-05  1.1294076e-09            
3.7116737e-05  -2.3600725e-10            3.7119646e-05  6.4329398e-10            
3.7312088e-05  3.2088222e-09            3.7315013e-05  6.7943733e-10            
3.750744e-05  4.2603949e-11            3.7510379e-05  3.991436e-10            
3.7702791e-05  1.5687604e-09            3.7705746e-05  1.9604894e-09            
3.7898142e-05  4.3626307e-10            3.7901112e-05  1.5694803e-09            
3.8093493e-05  -2.7193554e-12            3.8096479e-05  9.1936218e-10            
3.8288845e-05  2.1097235e-09            3.8291845e-05  1.2263037e-09            
3.8484196e-05  7.1764936e-10            3.8487212e-05  8.0867219e-10            
3.8679547e-05  -4.6872705e-10            3.8682579e-05  2.1986227e-09            
3.8874898e-05  -3.9656713e-10            3.8877945e-05  1.4377133e-09            
3.907025e-05  -3.1640134e-10            3.9073312e-05  3.3753626e-10            
3.9265601e-05  -2.868518e-10            3.9268678e-05  6.8269115e-10            
3.9460952e-05  -2.3379704e-10            3.9464045e-05  2.4220696e-10            
3.9656303e-05  1.8681768e-10            3.9659411e-05  3.8506165e-10            
3.9851655e-05  1.0186489e-10            3.9854778e-05  4.7475058e-10            
4.0047006e-05  -7.1941689e-10            4.0050144e-05  2.2153349e-09            
4.0242357e-05  -1.7190785e-11            4.0245511e-05  7.1848316e-10            
4.0437708e-05  -1.6698043e-10            4.0440878e-05  3.2370627e-09            
4.063306e-05  -2.780431e-10            4.0636244e-05  1.6971769e-10            
4.0828411e-05  -7.7380829e-10            4.0831611e-05  4.5715843e-10            
4.1023762e-05  -3.8907791e-10            4.1026977e-05  5.1117879e-11            
4.1219113e-05  -7.1834073e-10            4.1222344e-05  -8.4111859e-11            
4.1414465e-05  -7.7125829e-10            4.141771e-05  7.4483023e-10            
4.1609816e-05  -6.0991701e-10            4.1613077e-05  6.512861e-10            
4.1805167e-05  1.7745697e-10            4.1808443e-05  1.1413087e-09            
4.2000518e-05  -1.1498832e-09            4.200381e-05  6.0201985e-11            
4.219587e-05  -5.4549712e-10            4.2199177e-05  1.5741458e-10            
4.2391221e-05  1.520303e-09            4.2394543e-05  1.0963282e-10            
4.2586572e-05  -7.741738e-10            4.258991e-05  1.0801572e-09            
4.2781923e-05  -1.3461806e-09            4.2785276e-05  1.7834601e-10            
4.2977275e-05  -8.0265039e-10            4.2980643e-05  3.7463233e-10            
4.3172626e-05  -1.2791518e-09            4.3176009e-05  5.0595939e-10            
4.3367977e-05  -1.4688732e-09            4.3371376e-05  4.6550505e-11            
4.3563328e-05  -8.9701427e-10            4.3566742e-05  -4.166028e-10            
4.375868e-05  -1.4599348e-09            4.3762109e-05  1.8750291e-10            
4.3954031e-05  -1.4121708e-09            4.3957476e-05  -4.9293145e-10            
4.4149382e-05  -1.199091e-09            4.4152842e-05  -2.8905499e-10            
4.4344733e-05  -1.1617982e-09            4.4348209e-05  -1.9561531e-10            
4.4540085e-05  -2.0385765e-09            4.4543575e-05  -4.9894848e-10            
4.4735436e-05  -2.1535826e-09            4.4738942e-05  -1.2714267e-10            
4.4930787e-05  -2.0928961e-09            4.4934308e-05  -3.8849588e-10            
4.5126138e-05  -2.2931048e-09            4.5129675e-05  1.3957871e-10            
4.532149e-05  -2.173048e-09            4.5325042e-05  -3.3501044e-10            
4.5516841e-05  -1.7029746e-09            4.5520408e-05  -6.4976047e-10            
4.5712192e-05  -2.3888192e-09            4.5715775e-05  -4.4593149e-10            
4.5907543e-05  -2.4378019e-09            4.5911141e-05  -2.2672283e-10            
4.6102895e-05  -2.3771861e-09            4.6106508e-05  -3.3918533e-10            
4.6298246e-05  -1.9922671e-09            4.6301874e-05  -2.2687476e-10            
4.6493597e-05  -2.1835266e-09            4.6497241e-05  -1.7557646e-10            
4.6688948e-05  -1.5327293e-09            4.6692607e-05  -3.5270387e-10            
4.68843e-05  -2.6005902e-09            4.6887974e-05  1.2123483e-09            
4.7079651e-05  -1.7484576e-09            4.7083341e-05  -5.8156004e-10            
4.7275002e-05  -3.3097096e-09            4.7278707e-05  -4.9201988e-10            
4.7470353e-05  -2.3799237e-09            4.7474074e-05  -9.4400005e-10            
4.7665705e-05  -2.540028e-09            4.766944e-05  -6.6383292e-10            
4.7861056e-05  -4.0224647e-09            4.7864807e-05  -6.2762627e-10            
4.8056407e-05  -3.0347878e-09            4.8060173e-05  -3.550746e-10            
4.8251758e-05  -2.6565155e-09            4.825554e-05  -8.068617e-10            
4.844711e-05  -3.8986799e-09            4.8450906e-05  -1.7594996e-10            
4.8642461e-05  -4.8040024e-09            4.8646273e-05  -1.8176758e-10            
4.8837812e-05  -4.7690302e-09            4.884164e-05  -5.0394633e-10            
4.9033163e-05  -3.7361789e-09            4.9037006e-05  -4.0672107e-10            
-          -              4.9232373e-05  1.2853852e-10            
-          -              4.9427739e-05  -5.7094398e-10            
-          -              4.9623106e-05  -8.854313e-11            
-          -              4.9818472e-05  1.1514975e-10            
