Profile 1             Profile 2             
x       y           x       y           
[m]     [m]         [m]     [m]         
0  -5.5853009e-10            0  -2.7775841e-09            
1.953186e-07  -2.0475651e-10            1.9535219e-07  -2.609967e-09            
3.9063721e-07  -8.1110013e-10            3.9070438e-07  -1.5495863e-09            
5.8595581e-07  -7.4509529e-10            5.8605657e-07  -2.6566529e-09            
7.8127441e-07  -7.3021896e-10            7.8140876e-07  -3.3485075e-09            
9.7659301e-07  -4.5218817e-11            9.7676096e-07  -2.0692515e-09            
1.1719116e-06  2.6985958e-10            1.1721131e-06  -7.9002437e-10            
1.3672302e-06  -9.2190268e-10            1.3674653e-06  -2.1590433e-09            
1.5625488e-06  -2.1389329e-10            1.5628175e-06  -2.3537831e-09            
1.7578674e-06  -1.9392396e-10            1.7581697e-06  -2.0322178e-09            
1.953186e-06  4.1660522e-10            1.9535219e-06  -5.8592314e-10            
2.1485046e-06  -7.3202675e-10            2.1488741e-06  -1.9027828e-09            
2.3438232e-06  -1.3394791e-10            2.3442263e-06  -1.0880384e-09            
2.5391418e-06  3.1274132e-09            2.5395785e-06  -1.5672042e-09            
2.7344604e-06  -3.1497206e-10            2.7349307e-06  -1.175286e-09            
2.929779e-06  -1.5943702e-10            2.9302829e-06  -1.5251845e-09            
3.1250976e-06  6.1350388e-10            3.1256351e-06  -1.0640156e-09            
3.3204162e-06  9.6988068e-10            3.3209872e-06  -1.0071828e-09            
3.5157348e-06  6.7907769e-10            3.5163394e-06  -9.3458064e-10            
3.7110534e-06  6.6329676e-10            3.7116916e-06  -6.8477419e-10            
3.9063721e-06  1.5618371e-09            3.9070438e-06  -7.8427035e-10            
4.1016907e-06  8.3138422e-10            4.102396e-06  6.0275415e-11            
4.2970093e-06  1.0215154e-09            4.2977482e-06  -5.608965e-10            
4.4923279e-06  2.4902152e-09            4.4931004e-06  -8.3672042e-10            
4.6876465e-06  1.4617679e-09            4.6884526e-06  -2.0183318e-10            
4.8829651e-06  1.9472704e-09            4.8838048e-06  -1.9879706e-10            
5.0782837e-06  6.8477187e-10            5.079157e-06  -3.3615719e-11            
5.2736023e-06  1.3669434e-09            5.2745092e-06  -5.4148501e-10            
5.4689209e-06  7.5541032e-10            5.4698613e-06  -2.1806824e-11            
5.6642395e-06  1.1142967e-09            5.6652135e-06  3.6003824e-10            
5.8595581e-06  2.2904142e-09            5.8605657e-06  3.1361557e-10            
6.0548767e-06  1.7528644e-09            6.0559179e-06  -4.385376e-11            
6.2501953e-06  1.7856286e-09            6.2512701e-06  1.1687393e-10            
6.4455139e-06  1.6636433e-09            6.4466223e-06  6.3281157e-11            
6.6408325e-06  1.7641903e-09            6.6419745e-06  3.3763837e-10            
6.8361511e-06  1.4160953e-09            6.8373267e-06  1.2097898e-09            
7.0314697e-06  2.5191597e-09            7.0326789e-06  9.9678418e-10            
7.2267883e-06  2.6365894e-09            7.2280311e-06  8.4082692e-10            
7.4221069e-06  5.6359502e-09            7.4233833e-06  8.3657433e-10            
7.6174255e-06  2.1150927e-09            7.6187355e-06  1.6852411e-09            
7.8127441e-06  2.5762957e-09            7.8140876e-06  1.2817483e-09            
8.0080627e-06  1.6437165e-09            8.0094398e-06  9.209521e-10            
8.2033813e-06  1.6829916e-09            8.204792e-06  2.0031613e-09            
8.3986999e-06  1.713198e-09            8.4001442e-06  2.3224759e-09            
8.5940185e-06  2.0810397e-09            8.5954964e-06  1.1909164e-09            
8.7893371e-06  1.5653776e-09            8.7908486e-06  1.9195906e-09            
8.9846557e-06  1.5981389e-09            8.9862008e-06  2.0506688e-09            
9.1799743e-06  1.510815e-09            9.181553e-06  1.9224503e-09            
9.3752929e-06  1.6637978e-09            9.3769052e-06  1.7365036e-09            
9.5706115e-06  1.9676935e-09            9.5722574e-06  1.8914252e-09            
9.7659301e-06  2.0528935e-09            9.7676096e-06  2.0485975e-09            
9.9612487e-06  1.7623046e-09            9.9629617e-06  2.2374313e-09            
1.0156567e-05  2.1940896e-09            1.0158314e-05  2.3554725e-09            
1.0351886e-05  2.0159791e-09            1.0353666e-05  2.2090069e-09            
1.0547205e-05  1.6752982e-09            1.0549018e-05  2.4275004e-09            
1.0742523e-05  2.3155503e-09            1.0744371e-05  2.4959917e-09            
1.0937842e-05  4.0158285e-09            1.0939723e-05  2.7343755e-09            
1.113316e-05  3.0435602e-09            1.1135075e-05  2.6266924e-09            
1.1328479e-05  3.0034556e-09            1.1330427e-05  3.2291283e-09            
1.1523798e-05  2.8445432e-09            1.1525779e-05  3.7007349e-09            
1.1719116e-05  2.5013016e-09            1.1721131e-05  2.6227088e-09            
1.1914435e-05  3.3385048e-09            1.1916484e-05  3.8967099e-09            
1.2109753e-05  3.1067052e-09            1.2111836e-05  3.5790587e-09            
1.2305072e-05  3.7697992e-09            1.2307188e-05  3.1481743e-09            
1.2500391e-05  3.3077993e-09            1.250254e-05  3.2937619e-09            
1.2695709e-05  2.6937878e-09            1.2697892e-05  3.2957783e-09            
1.2891028e-05  1.9310627e-09            1.2893245e-05  3.2246269e-09            
1.3086346e-05  2.4587696e-09            1.3088597e-05  3.3025708e-09            
1.3281665e-05  2.0210565e-09            1.3283949e-05  3.3331866e-09            
1.3476984e-05  2.3530856e-09            1.3479301e-05  3.5650859e-09            
1.3672302e-05  2.4203779e-09            1.3674653e-05  3.0087313e-09            
1.3867621e-05  2.56077e-09            1.3870006e-05  3.6331997e-09            
1.4062939e-05  2.4014918e-09            1.4065358e-05  5.0637655e-09            
1.4258258e-05  2.3474935e-09            1.426071e-05  3.1689932e-09            
1.4453577e-05  3.0849436e-09            1.4456062e-05  4.6085155e-09            
1.4648895e-05  2.5500126e-09            1.4651414e-05  3.8227365e-09            
1.4844214e-05  2.840973e-09            1.4846767e-05  3.3499192e-09            
1.5039532e-05  2.6720263e-09            1.5042119e-05  3.3117443e-09            
1.5234851e-05  2.4490062e-09            1.5237471e-05  3.9751427e-09            
1.543017e-05  2.6403567e-09            1.5432823e-05  4.5798293e-09            
1.5625488e-05  2.1858517e-09            1.5628175e-05  4.1724224e-09            
1.5820807e-05  3.0449284e-09            1.5823527e-05  4.5774889e-09            
1.6016125e-05  2.665877e-09            1.601888e-05  3.7486618e-09            
1.6211444e-05  2.923964e-09            1.6214232e-05  3.8043086e-09            
1.6406763e-05  3.4898004e-09            1.6409584e-05  3.6484685e-09            
1.6602081e-05  3.2017934e-09            1.6604936e-05  3.9948232e-09            
1.67974e-05  2.5874232e-09            1.6800288e-05  3.8196541e-09            
1.6992718e-05  2.9438667e-09            1.6995641e-05  3.9676934e-09            
1.7188037e-05  2.8781511e-09            1.7190993e-05  3.6150032e-09            
1.7383356e-05  3.2972929e-09            1.7386345e-05  3.8074836e-09            
1.7578674e-05  3.5959239e-09            1.7581697e-05  4.8192386e-09            
1.7773993e-05  2.9332099e-09            1.7777049e-05  4.7236566e-09            
1.7969311e-05  3.4021843e-09            1.7972402e-05  4.4738125e-09            
1.816463e-05  3.3786731e-09            1.8167754e-05  3.8458581e-09            
1.8359949e-05  3.0904251e-09            1.8363106e-05  6.0957796e-09            
1.8555267e-05  2.3177352e-09            1.8558458e-05  4.9890501e-09            
1.8750586e-05  3.6521695e-09            1.875381e-05  4.894414e-09            
1.8945904e-05  2.8730907e-09            1.8949163e-05  3.4941255e-09            
1.9141223e-05  3.2729054e-09            1.9144515e-05  4.2879945e-09            
1.9336542e-05  3.0844942e-09            1.9339867e-05  3.4813474e-09            
1.953186e-05  3.3704821e-09            1.9535219e-05  5.5447017e-09            
1.9727179e-05  3.0799626e-09            1.9730571e-05  2.8540527e-09            
1.9922497e-05  2.9247948e-09            1.9925923e-05  5.8854933e-09            
2.0117816e-05  3.6122975e-09            2.0121276e-05  3.7506551e-09            
2.0313135e-05  3.6527991e-09            2.0316628e-05  3.3771705e-09            
2.0508453e-05  3.693234e-09            2.051198e-05  3.778281e-09            
2.0703772e-05  3.0254468e-09            2.0707332e-05  3.8716138e-09            
2.089909e-05  3.9237377e-09            2.0902684e-05  3.2019117e-09            
2.1094409e-05  3.7675249e-09            2.1098037e-05  4.0532515e-09            
2.1289728e-05  3.4319596e-09            2.1293389e-05  5.0310914e-09            
2.1485046e-05  2.7281117e-09            2.1488741e-05  3.0583246e-09            
2.1680365e-05  2.8008344e-09            2.1684093e-05  3.6264794e-09            
2.1875683e-05  2.7939521e-09            2.1879445e-05  3.3101358e-09            
2.2071002e-05  3.0466908e-09            2.2074798e-05  3.0578964e-09            
2.2266321e-05  3.1510747e-09            2.227015e-05  3.5361335e-09            
2.2461639e-05  3.715903e-09            2.2465502e-05  2.8233183e-09            
2.2656958e-05  2.8981814e-09            2.2660854e-05  4.2838924e-09            
2.2852276e-05  3.2570678e-09            2.2856206e-05  3.4446276e-09            
2.3047595e-05  3.5507292e-09            2.3051559e-05  2.983505e-09            
2.3242914e-05  3.0812118e-09            2.3246911e-05  3.3392154e-09            
2.3438232e-05  6.092263e-09            2.3442263e-05  2.9824838e-09            
2.3633551e-05  3.0751362e-09            2.3637615e-05  3.8689943e-09            
2.382887e-05  3.7345693e-09            2.3832967e-05  3.5059546e-09            
2.4024188e-05  3.137171e-09            2.4028319e-05  3.2980029e-09            
2.4219507e-05  3.8090445e-09            2.4223672e-05  2.8186578e-09            
2.4414825e-05  2.8893679e-09            2.4419024e-05  2.6498328e-09            
2.4610144e-05  3.5782147e-09            2.4614376e-05  3.1279629e-09            
2.4805463e-05  3.9371025e-09            2.4809728e-05  3.3220257e-09            
2.5000781e-05  3.0033578e-09            2.500508e-05  2.7905213e-09            
2.51961e-05  3.0476295e-09            2.5200433e-05  3.1396359e-09            
2.5391418e-05  2.7824021e-09            2.5395785e-05  3.0554374e-09            
2.5586737e-05  3.116989e-09            2.5591137e-05  2.4914658e-09            
2.5782056e-05  2.8453826e-09            2.5786489e-05  3.0857147e-09            
2.5977374e-05  2.8525684e-09            2.5981841e-05  2.8139973e-09            
2.6172693e-05  4.1437916e-09            2.6177194e-05  2.7480648e-09            
2.6368011e-05  2.9235471e-09            2.6372546e-05  2.7229369e-09            
2.656333e-05  3.3067331e-09            2.6567898e-05  2.5669796e-09            
2.6758649e-05  3.0210727e-09            2.676325e-05  2.811926e-09            
2.6953967e-05  3.6178414e-09            2.6958602e-05  3.3670338e-09            
2.7149286e-05  3.0968325e-09            2.7153955e-05  2.5512537e-09            
2.7344604e-05  4.2908577e-09            2.7349307e-05  2.5544707e-09            
2.7539923e-05  3.7829556e-09            2.7544659e-05  2.5371146e-09            
2.7735242e-05  2.9268664e-09            2.7740011e-05  2.3238066e-09            
2.793056e-05  3.8114364e-09            2.7935363e-05  2.808777e-09            
2.8125879e-05  3.1970662e-09            2.8130716e-05  3.3247856e-09            
2.8321197e-05  3.5533977e-09            2.8326068e-05  2.4842161e-09            
2.8516516e-05  3.0390868e-09            2.852142e-05  3.6707816e-09            
2.8711835e-05  2.8582682e-09            2.8716772e-05  3.1299561e-09            
2.8907153e-05  3.3284818e-09            2.8912124e-05  2.9626152e-09            
2.9102472e-05  2.8292146e-09            2.9107476e-05  2.4847542e-09            
2.929779e-05  2.6039287e-09            2.9302829e-05  5.1844494e-09            
2.9493109e-05  2.9679308e-09            2.9498181e-05  2.8043335e-09            
2.9688428e-05  3.4598251e-09            2.9693533e-05  4.1761948e-09            
2.9883746e-05  2.5897429e-09            2.9888885e-05  2.7759135e-09            
3.0079065e-05  2.6250649e-09            3.0084237e-05  3.476172e-09            
3.0274383e-05  4.2372975e-09            3.027959e-05  2.7213993e-09            
3.0469702e-05  5.0041628e-09            3.0474942e-05  2.9636914e-09            
3.0665021e-05  2.7313033e-09            3.0670294e-05  2.5311364e-09            
3.0860339e-05  3.8189058e-09            3.0865646e-05  2.9026392e-09            
3.1055658e-05  3.2829085e-09            3.1060998e-05  2.8093079e-09            
3.1250976e-05  2.5137888e-09            3.1256351e-05  2.1370456e-09            
3.1446295e-05  3.2550757e-09            3.1451703e-05  2.3164861e-09            
3.1641614e-05  2.4427307e-09            3.1647055e-05  1.9246475e-09            
3.1836932e-05  3.5406822e-09            3.1842407e-05  2.0584377e-09            
3.2032251e-05  2.3318686e-09            3.2037759e-05  1.9888471e-09            
3.2227569e-05  2.6907578e-09            3.2233112e-05  1.8264835e-09            
3.2422888e-05  2.4027594e-09            3.2428464e-05  2.0869691e-09            
3.2618207e-05  3.4341148e-09            3.2623816e-05  3.2383278e-09            
3.2813525e-05  1.9325316e-09            3.2819168e-05  3.458126e-09            
3.3008844e-05  2.4001292e-09            3.301452e-05  2.3513964e-09            
3.3204162e-05  2.564499e-09            3.3209872e-05  1.6621729e-09            
3.3399481e-05  2.6754008e-09            3.3405225e-05  2.6491385e-09            
3.35948e-05  2.1750844e-09            3.3600577e-05  2.4387423e-09            
3.3790118e-05  3.5543235e-09            3.3795929e-05  1.8222237e-09            
3.3985437e-05  1.9171746e-09            3.3991281e-05  1.6601016e-09            
3.4180755e-05  2.5216169e-09            3.4186633e-05  2.4500565e-09            
3.4376074e-05  1.84224e-09            3.4381986e-05  2.6296055e-09            
3.4571393e-05  2.1448539e-09            3.4577338e-05  1.4014963e-09            
3.4766711e-05  2.6354693e-09            3.477269e-05  9.5348876e-10            
3.496203e-05  1.5685068e-09            3.4968042e-05  2.2692404e-09            
3.5157348e-05  1.6537068e-09            3.5163394e-05  1.7404958e-09            
3.5352667e-05  1.9627181e-09            3.5358747e-05  1.3981984e-09            
3.5547986e-05  1.3909111e-09            3.5554099e-05  9.0183858e-10            
3.5743304e-05  1.8890426e-09            3.5749451e-05  1.6944029e-09            
3.5938623e-05  1.4513238e-09            3.5944803e-05  1.2374172e-09            
3.6133941e-05  1.4329312e-09            3.6140155e-05  2.2008981e-09            
3.632926e-05  1.1308079e-09            3.6335508e-05  1.087645e-09            
3.6524579e-05  1.6828115e-09            3.653086e-05  1.5918692e-09            
3.6719897e-05  1.0737286e-09            3.6726212e-05  8.1783978e-10            
3.6915216e-05  1.1154452e-09            3.6921564e-05  9.6587913e-10            
3.7110534e-05  1.4717767e-09            3.7116916e-05  2.3533896e-09            
3.7305853e-05  5.4040967e-10            3.7312268e-05  9.3874933e-10            
3.7501172e-05  1.2139109e-09            3.7507621e-05  1.3376048e-09            
3.769649e-05  6.1635239e-10            3.7702973e-05  8.4116539e-10            
3.7891809e-05  1.1287123e-09            3.7898325e-05  1.0312822e-09            
3.8087127e-05  7.1913403e-10            3.8093677e-05  8.4012972e-10            
3.8282446e-05  8.7595082e-10            3.8289029e-05  1.3094856e-09            
3.8477765e-05  6.2479157e-10            3.8484382e-05  1.4588296e-09            
3.8673083e-05  1.3123609e-09            3.8679734e-05  1.321497e-09            
3.8868402e-05  1.4974161e-10            3.8875086e-05  1.9875222e-10            
3.9063721e-05  9.3430623e-10            3.9070438e-05  9.8906588e-10            
3.9259039e-05  1.0527582e-09            3.926579e-05  8.2006154e-10            
3.9454358e-05  7.6465769e-10            3.9461143e-05  8.1578292e-10            
3.9649676e-05  1.1235441e-09            3.9656495e-05  4.8244488e-10            
3.9844995e-05  1.2317619e-09            3.9851847e-05  9.6090042e-10            
4.0040314e-05  1.2057794e-09            4.0047199e-05  2.4316011e-09            
4.0235632e-05  4.9946291e-10            4.0242551e-05  8.4735624e-10            
4.0430951e-05  9.1219733e-10            4.0437904e-05  1.1574829e-09            
4.0626269e-05  4.449003e-10            4.0633256e-05  -3.6117516e-10            
4.0821588e-05  2.528054e-10            4.0828608e-05  4.4016342e-10            
4.1016907e-05  1.8081997e-10            4.102396e-05  8.4270442e-10            
4.1212225e-05  6.5213242e-10            4.1219312e-05  -2.1556731e-10            
4.1407544e-05  3.6656138e-10            4.1414665e-05  8.4680369e-10            
4.1602862e-05  -2.4209195e-10            4.1610017e-05  5.0847391e-11            
4.1798181e-05  -4.8108443e-12            4.1805369e-05  4.4688656e-10            
4.19935e-05  3.5127245e-10            4.2000721e-05  -3.2399247e-11            
4.2188818e-05  2.8939646e-10            4.2196073e-05  -2.0898447e-10            
4.2384137e-05  -2.2997481e-10            4.2391425e-05  -1.4160549e-10            
4.2579455e-05  3.6832096e-11            4.2586778e-05  4.1067589e-10            
4.2774774e-05  3.0849238e-10            4.278213e-05  4.4933686e-10            
4.2970093e-05  2.3160961e-11            4.2977482e-05  6.8128243e-10            
4.3165411e-05  -3.4036617e-10            4.3172834e-05  -1.7254382e-10            
4.336073e-05  -1.4500024e-10            4.3368186e-05  -3.3728254e-10            
4.3556048e-05  3.0697384e-10            4.3563539e-05  -3.0276278e-10            
4.3751367e-05  -1.4853925e-10            4.3758891e-05  -3.1744579e-10            
4.3946686e-05  -5.4273782e-10            4.3954243e-05  -6.1935661e-10            
4.4142004e-05  1.3460581e-10            4.4149595e-05  -9.1688176e-11            
4.4337323e-05  -6.151798e-10            4.4344947e-05  -6.0734521e-10            
4.4532641e-05  -8.3919387e-10            4.45403e-05  -6.324731e-10            
4.472796e-05  -2.2097415e-10            4.4735652e-05  -6.7100678e-10            
4.4923279e-05  2.8469479e-10            4.4931004e-05  -8.6835594e-10            
4.5118597e-05  3.2798105e-10            4.5126356e-05  -1.1195568e-09            
4.5313916e-05  -8.1550688e-10            4.5321708e-05  1.9208982e-12            
4.5509234e-05  -4.540626e-10            4.5517061e-05  -8.2703348e-10            
4.5704553e-05  -9.2618324e-11            4.5712413e-05  1.9349578e-10            
4.5899872e-05  7.3148796e-10            4.5907765e-05  -7.980609e-10            
4.609519e-05  1.7594249e-10            4.6103117e-05  -1.4507526e-09            
4.6290509e-05  -3.840466e-10            4.6298469e-05  -8.7085542e-10            
4.6485827e-05  9.7215069e-11            4.6493821e-05  -1.2195505e-09            
4.6681146e-05  -9.0938569e-10            4.6689174e-05  -1.2124195e-09            
4.6876465e-05  -5.1180975e-10            4.6884526e-05  -1.8807677e-09            
4.7071783e-05  -1.0289819e-09            4.7079878e-05  -1.3569729e-09            
4.7267102e-05  3.9334643e-10            4.727523e-05  -3.9479666e-10            
4.746242e-05  -1.5130977e-10            4.7470582e-05  1.3555785e-10            
4.7657739e-05  7.7252688e-10            4.7665935e-05  -1.2618276e-09            
4.7853058e-05  -8.464548e-10            4.7861287e-05  -1.7543702e-09            
4.8048376e-05  -9.3130601e-10            4.8056639e-05  -1.6124957e-09            
4.8243695e-05  -1.2169763e-09            4.8251991e-05  -1.768453e-09            
4.8439013e-05  -1.4898772e-09            4.8447343e-05  -9.6675568e-10            
4.8634332e-05  -1.1207594e-09            -          -              
4.8829651e-05  -1.4265621e-09            -          -              
4.9024969e-05  -2.3440367e-09            -          -              
4.9220288e-05  -2.3215011e-09            -          -              
4.9415606e-05  -1.3129224e-09            -          -              
