Profile 1             Profile 2             
x       y           x       y           
[m]     [m]         [m]     [m]         
0  -2.6521992e-09            0  2.9536983e-09            
1.5656339e-07  -2.5114453e-09            1.560219e-07  3.4021571e-09            
3.1312678e-07  -2.3567731e-09            3.1204379e-07  3.3543347e-09            
4.6969017e-07  -2.2480186e-09            4.6806569e-07  2.4695021e-09            
6.2625355e-07  -2.5686962e-09            6.2408758e-07  2.3989675e-09            
7.8281694e-07  -2.505652e-09            7.8010948e-07  2.6341757e-09            
9.3938033e-07  -2.1991263e-09            9.3613137e-07  2.6522507e-09            
1.0959437e-06  -1.9412227e-09            1.0921533e-06  2.459328e-09            
1.2525071e-06  -1.8455215e-09            1.2481752e-06  2.954217e-09            
1.4090705e-06  -1.5473909e-09            1.4041971e-06  2.4334213e-09            
1.5656339e-06  -1.9861684e-09            1.560219e-06  2.8123543e-09            
1.7221973e-06  -2.0745537e-09            1.7162408e-06  2.4736877e-09            
1.8787607e-06  -1.9421928e-09            1.8722627e-06  2.6028487e-09            
2.0353241e-06  -1.5850823e-09            2.0282846e-06  2.3736413e-09            
2.1918874e-06  -1.1989084e-09            2.1843065e-06  2.199017e-09            
2.3484508e-06  -1.6837549e-09            2.3403284e-06  2.6389389e-09            
2.5050142e-06  -1.2721533e-09            2.4963503e-06  2.4353329e-09            
2.6615776e-06  -1.4270536e-09            2.6523722e-06  2.4328498e-09            
2.818141e-06  -1.9119907e-09            2.8083941e-06  2.8169961e-09            
2.9747044e-06  -1.440618e-09            2.964416e-06  2.1174902e-09            
3.1312678e-06  -1.3128794e-09            3.1204379e-06  2.3137178e-09            
3.2878312e-06  -1.317791e-09            3.2764598e-06  2.1710352e-09            
3.4443946e-06  -1.4229683e-09            3.4324817e-06  1.9483375e-09            
3.6009579e-06  -1.3386922e-09            3.5885036e-06  1.8663431e-09            
3.7575213e-06  -1.4520238e-09            3.7445255e-06  1.7792554e-09            
3.9140847e-06  -1.3760181e-09            3.9005474e-06  2.2105282e-09            
4.0706481e-06  -1.4906353e-09            4.0565693e-06  2.182399e-09            
4.2272115e-06  -1.6716526e-09            4.2125912e-06  2.3387602e-09            
4.3837749e-06  -1.3713848e-09            4.3686131e-06  2.6023422e-09            
4.5403383e-06  -1.1728949e-09            4.524635e-06  2.3561109e-09            
4.6969017e-06  -1.2901198e-09            4.6806569e-06  2.3724799e-09            
4.8534651e-06  -1.2470682e-09            4.8366788e-06  2.2701256e-09            
5.0100284e-06  -1.3374623e-09            4.9927007e-06  2.2580897e-09            
5.1665918e-06  -1.4356764e-09            5.1487225e-06  2.0754081e-09            
5.3231552e-06  -1.3737372e-09            5.3047444e-06  2.1701717e-09            
5.4797186e-06  -1.2392684e-09            5.4607663e-06  2.3739622e-09            
5.636282e-06  -1.3229465e-09            5.6167882e-06  1.9418674e-09            
5.7928454e-06  -1.2308677e-09            5.7728101e-06  2.3923587e-09            
5.9494088e-06  -9.7229569e-10            5.928832e-06  2.3925711e-09            
6.1059722e-06  -1.1857668e-09            6.0848539e-06  2.4621659e-09            
6.2625355e-06  -9.3369706e-10            6.2408758e-06  2.3993513e-09            
6.4190989e-06  -1.1714618e-09            6.3968977e-06  2.1387997e-09            
6.5756623e-06  -1.4226832e-09            6.5529196e-06  2.3791983e-09            
6.7322257e-06  -1.0742139e-09            6.7089415e-06  2.1792177e-09            
6.8887891e-06  -1.2217682e-09            6.8649634e-06  2.2318159e-09            
7.0453525e-06  -9.1633256e-10            7.0209853e-06  1.9563207e-09            
7.2019159e-06  -1.1920677e-09            7.1770072e-06  2.2548801e-09            
7.3584793e-06  -8.6852827e-10            7.3330291e-06  1.9429585e-09            
7.5150427e-06  -8.6826372e-10            7.489051e-06  2.1898829e-09            
7.671606e-06  -6.0508029e-10            7.6450729e-06  1.9302656e-09            
7.8281694e-06  -9.4059141e-10            7.8010948e-06  2.5233609e-09            
7.9847328e-06  -8.9089729e-10            7.9571167e-06  2.1991471e-09            
8.1412962e-06  -1.0223958e-09            8.1131386e-06  1.8549616e-09            
8.2978596e-06  -9.6719694e-10            8.2691605e-06  2.0321112e-09            
8.454423e-06  -1.0677461e-09            8.4251824e-06  2.3810683e-09            
8.6109864e-06  -7.6721342e-10            8.5812042e-06  2.5214224e-09            
8.7675498e-06  -7.8914802e-10            8.7372261e-06  2.6478757e-09            
8.9241132e-06  -5.192723e-10            8.893248e-06  2.2738532e-09            
9.0806765e-06  -5.4967377e-10            9.0492699e-06  1.8765724e-09            
9.2372399e-06  -9.9704393e-10            9.2052918e-06  2.2164878e-09            
9.3938033e-06  -9.4288701e-10            9.3613137e-06  2.2299417e-09            
9.5503667e-06  -1.0010536e-09            9.5173356e-06  2.0999799e-09            
9.7069301e-06  -1.209559e-09            9.6733575e-06  2.0030319e-09            
9.8634935e-06  -1.8737705e-10            9.8293794e-06  2.1528863e-09            
1.0020057e-05  -1.1583263e-09            9.9854013e-06  1.9147739e-09            
1.017662e-05  -9.1499389e-10            1.0141423e-05  2.0825884e-09            
1.0333184e-05  -1.0150196e-09            1.0297445e-05  2.0162781e-09            
1.0489747e-05  -1.1558933e-09            1.0453467e-05  2.5188801e-09            
1.064631e-05  -1.0867932e-09            1.0609489e-05  2.4827986e-09            
1.0802874e-05  -9.4918487e-10            1.0765511e-05  2.1947576e-09            
1.0959437e-05  -5.603252e-10            1.0921533e-05  1.7448114e-09            
1.1116001e-05  -1.1242264e-09            1.1077555e-05  1.8011868e-09            
1.1272564e-05  -1.1160726e-09            1.1233576e-05  1.8731397e-09            
1.1429127e-05  -1.0187987e-09            1.1389598e-05  2.0297576e-09            
1.1585691e-05  -1.458263e-09            1.154562e-05  1.7485873e-09            
1.1742254e-05  -1.095156e-09            1.1701642e-05  1.8998245e-09            
1.1898818e-05  -1.2081842e-09            1.1857664e-05  1.5502409e-09            
1.2055381e-05  -1.3481175e-09            1.2013686e-05  1.4954672e-09            
1.2211944e-05  -1.4423252e-09            1.2169708e-05  1.3569232e-09            
1.2368508e-05  -6.1108238e-10            1.232573e-05  1.6057862e-09            
1.2525071e-05  -1.2280855e-09            1.2481752e-05  1.3893479e-09            
1.2681634e-05  -1.1317209e-09            1.2637774e-05  1.2656498e-09            
1.2838198e-05  -1.2784515e-09            1.2793795e-05  1.235439e-09            
1.2994761e-05  -1.2063837e-09            1.2949817e-05  1.128475e-09            
1.3151325e-05  -1.362735e-09            1.3105839e-05  1.3046312e-09            
1.3307888e-05  -5.2716533e-10            1.3261861e-05  1.1790749e-09            
1.3464451e-05  -1.5486032e-09            1.3417883e-05  1.3884504e-09            
1.3621015e-05  -1.3040786e-09            1.3573905e-05  1.4478144e-09            
1.3777578e-05  -1.3978576e-09            1.3729927e-05  1.4017401e-09            
1.3934142e-05  -1.5753911e-09            1.3885949e-05  1.2491126e-09            
1.4090705e-05  -1.2426049e-09            1.4041971e-05  1.4486951e-09            
1.4247268e-05  -1.5546486e-09            1.4197992e-05  1.6193677e-09            
1.4403832e-05  -1.148418e-09            1.4354014e-05  1.2677073e-09            
1.4560395e-05  -1.8431646e-09            1.4510036e-05  1.1573635e-09            
1.4716959e-05  -1.6327706e-09            1.4666058e-05  1.3427707e-09            
1.4873522e-05  -1.1778055e-09            1.482208e-05  1.2739441e-09            
1.5030085e-05  -1.2739605e-09            1.4978102e-05  8.6822086e-10            
1.5186649e-05  -1.4520878e-09            1.5134124e-05  1.4058367e-09            
1.5343212e-05  -1.3717977e-09            1.5290146e-05  8.4059906e-10            
1.5499775e-05  -1.4932894e-09            1.5446168e-05  8.4747841e-10            
1.5656339e-05  -1.8912018e-09            1.560219e-05  9.1867835e-10            
1.5812902e-05  -1.55896e-09            1.5758211e-05  1.1009512e-09            
1.5969466e-05  -1.9307319e-09            1.5914233e-05  8.7080027e-10            
1.6126029e-05  -2.1236118e-09            1.6070255e-05  3.3366727e-10            
1.6282592e-05  -1.7316727e-09            1.6226277e-05  7.2744649e-10            
1.6439156e-05  -1.8408616e-09            1.6382299e-05  6.7514895e-10            
1.6595719e-05  -2.0197868e-09            1.6538321e-05  1.3418218e-09            
1.6752283e-05  -1.8906935e-09            1.6694343e-05  1.009988e-09            
1.6908846e-05  -2.4131852e-09            1.6850365e-05  1.4187429e-09            
1.7065409e-05  -2.0296826e-09            1.7006387e-05  8.5762604e-10            
1.7221973e-05  -1.8763346e-09            1.7162408e-05  4.9440059e-10            
1.7378536e-05  -2.0019395e-09            1.731843e-05  8.8454533e-10            
1.75351e-05  -1.8679389e-09            1.7474452e-05  7.5284027e-10            
1.7691663e-05  -1.5438417e-09            1.7630474e-05  5.9710005e-10            
1.7848226e-05  -1.9804915e-09            1.7786496e-05  7.382535e-10            
1.800479e-05  -2.1690244e-09            1.7942518e-05  9.8128305e-10            
1.8161353e-05  -1.7626134e-09            1.809854e-05  8.0486996e-10            
1.8317916e-05  -2.0675697e-09            1.8254562e-05  4.4949981e-10            
1.847448e-05  -2.2516996e-09            1.8410584e-05  9.1947559e-10            
1.8631043e-05  -2.2046291e-09            1.8566606e-05  7.6419788e-10            
1.8787607e-05  -2.5653513e-09            1.8722627e-05  9.5613747e-10            
1.894417e-05  -1.6523563e-09            1.8878649e-05  2.2496021e-10            
1.9100733e-05  -1.7738192e-09            1.9034671e-05  7.1422502e-10            
1.9257297e-05  -2.5050345e-09            1.9190693e-05  6.0417629e-10            
1.941386e-05  -2.3699314e-09            1.9346715e-05  1.4369406e-09            
1.9570424e-05  -2.0413244e-09            1.9502737e-05  9.9041492e-10            
1.9726987e-05  -1.8971894e-09            1.9658759e-05  5.4877903e-10            
1.988355e-05  -2.2636746e-09            1.9814781e-05  4.3009407e-10            
2.0040114e-05  -1.8892293e-09            1.9970803e-05  6.037943e-10            
2.0196677e-05  -2.0236145e-09            2.0126825e-05  4.7636018e-10            
2.0353241e-05  -1.8819691e-09            2.0282846e-05  9.7793382e-10            
2.0509804e-05  -2.013584e-09            2.0438868e-05  8.8107475e-10            
2.0666367e-05  -1.6374973e-09            2.059489e-05  4.5233002e-10            
2.0822931e-05  -1.2277932e-09            2.0750912e-05  3.0597479e-10            
2.0979494e-05  -1.8649931e-09            2.0906934e-05  4.5448016e-10            
2.1136057e-05  -1.803077e-09            2.1062956e-05  6.7055927e-10            
2.1292621e-05  -1.0739597e-09            2.1218978e-05  5.7421922e-10            
2.1449184e-05  -1.2982717e-09            2.1375e-05  7.3695278e-10            
2.1605748e-05  -1.3818592e-09            2.1531022e-05  3.2803582e-10            
2.1762311e-05  -1.2069049e-09            2.1687043e-05  7.6147209e-10            
2.1918874e-05  -1.6089089e-09            2.1843065e-05  1.2382091e-09            
2.2075438e-05  -1.539893e-09            2.1999087e-05  2.8761245e-10            
2.2232001e-05  -8.6558355e-10            2.2155109e-05  8.1474111e-10            
2.2388565e-05  -1.046721e-09            2.2311131e-05  9.3505657e-10            
2.2545128e-05  -1.2170242e-09            2.2467153e-05  4.9796715e-10            
2.2701691e-05  -1.0626298e-09            2.2623175e-05  6.7464661e-10            
2.2858255e-05  -6.210856e-10            2.2779197e-05  1.1314507e-09            
2.3014818e-05  -8.3162779e-10            2.2935219e-05  1.8637571e-10            
2.3171382e-05  -6.5610879e-10            2.3091241e-05  5.1326547e-10            
2.3327945e-05  -7.5751526e-10            2.3247262e-05  8.609819e-10            
2.3484508e-05  -1.5148248e-10            2.3403284e-05  3.1830363e-10            
2.3641072e-05  -5.3893871e-10            2.3559306e-05  6.0786306e-10            
2.3797635e-05  -3.5719081e-10            2.3715328e-05  8.7516588e-10            
2.3954198e-05  4.6619661e-10            2.387135e-05  3.2163764e-10            
2.4110762e-05  -6.4069142e-10            2.4027372e-05  1.0334108e-09            
2.4267325e-05  -7.0917469e-11            2.4183394e-05  1.5707487e-10            
2.4423889e-05  -1.7884855e-10            2.4339416e-05  3.0375635e-10            
2.4580452e-05  -5.6502458e-10            2.4495438e-05  5.0077243e-10            
2.4737015e-05  -4.8814785e-10            2.4651459e-05  4.6055248e-10            
2.4893579e-05  -4.1345998e-11            2.4807481e-05  4.9318953e-10            
2.5050142e-05  9.5736462e-11            2.4963503e-05  5.9651711e-10            
2.5206706e-05  1.1912212e-10            2.5119525e-05  1.2620091e-09            
2.5363269e-05  -2.3253119e-10            2.5275547e-05  1.0500365e-09            
2.5519832e-05  -3.3488545e-10            2.5431569e-05  3.4511782e-10            
2.5676396e-05  2.5279619e-11            2.5587591e-05  1.2171483e-09            
2.5832959e-05  7.2227329e-10            2.5743613e-05  8.4204996e-10            
2.5989523e-05  7.6222429e-10            2.5899635e-05  9.9341329e-10            
2.6146086e-05  1.5272336e-10            2.6055657e-05  8.7353374e-10            
2.6302649e-05  -1.8516196e-12            2.6211678e-05  4.4407638e-10            
2.6459213e-05  1.7557499e-10            2.63677e-05  4.9646629e-10            
2.6615776e-05  6.5975489e-10            2.6523722e-05  1.8544356e-10            
2.6772339e-05  4.0170202e-10            2.6679744e-05  1.3106467e-10            
2.6928903e-05  7.3594683e-10            2.6835766e-05  1.163507e-10            
2.7085466e-05  6.9304373e-10            2.6991788e-05  8.2193428e-10            
2.724203e-05  1.0325362e-09            2.714781e-05  7.1794838e-10            
2.7398593e-05  5.7309633e-10            2.7303832e-05  2.8389908e-10            
2.7555156e-05  2.575677e-10            2.7459854e-05  6.7387376e-11            
2.771172e-05  1.1070769e-09            2.7615875e-05  2.3491548e-10            
2.7868283e-05  4.9104472e-10            2.7771897e-05  1.3372382e-10            
2.8024847e-05  8.8672928e-10            2.7927919e-05  -3.9618028e-11            
2.818141e-05  6.4499265e-10            2.8083941e-05  5.21304e-12            
2.8337973e-05  3.5185964e-10            2.8239963e-05  3.9889492e-10            
2.8494537e-05  6.6138903e-10            2.8395985e-05  -1.4785348e-10            
2.86511e-05  7.6334447e-10            2.8552007e-05  8.3544252e-10            
2.8807664e-05  5.8875636e-10            2.8708029e-05  2.5355659e-10            
2.8964227e-05  8.3957941e-10            2.8864051e-05  4.8400597e-10            
2.912079e-05  1.0741698e-09            2.9020073e-05  1.0893104e-10            
2.9277354e-05  3.6606788e-10            2.9176094e-05  1.2088169e-10            
2.9433917e-05  5.1008027e-10            2.9332116e-05  8.7929717e-12            
2.959048e-05  4.088761e-10            2.9488138e-05  2.6221102e-11            
2.9747044e-05  8.0073191e-10            2.964416e-05  5.6355682e-11            
2.9903607e-05  6.9496193e-10            2.9800182e-05  2.2966328e-10            
3.0060171e-05  6.8456302e-10            2.9956204e-05  2.7961548e-10            
3.0216734e-05  9.8854532e-11            3.0112226e-05  -2.6252141e-10            
3.0373297e-05  4.5214483e-10            3.0268248e-05  -2.8284106e-10            
3.0529861e-05  3.440133e-10            3.042427e-05  1.6258792e-10            
3.0686424e-05  1.6167708e-10            3.0580292e-05  -1.6328149e-10            
3.0842988e-05  2.9766663e-10            3.0736313e-05  -3.5471958e-10            
3.0999551e-05  6.077285e-10            3.0892335e-05  -4.1122268e-10            
3.1156114e-05  4.9861118e-10            3.1048357e-05  -4.4424663e-10            
3.1312678e-05  2.7831e-10            3.1204379e-05  1.0831811e-10            
3.1469241e-05  1.5164143e-10            3.1360401e-05  -1.4866677e-10            
3.1625805e-05  2.9906034e-10            3.1516423e-05  -5.3170455e-10            
3.1782368e-05  1.7492242e-10            3.1672445e-05  -1.2256949e-10            
3.1938931e-05  -2.9992253e-11            3.1828467e-05  -2.2559063e-10            
3.2095495e-05  2.546818e-10            3.1984489e-05  -2.4991992e-10            
3.2252058e-05  -6.6307744e-11            3.214051e-05  -7.9419232e-11            
3.2408621e-05  2.1497756e-10            3.2296532e-05  1.1494017e-10            
3.2565185e-05  -1.9218601e-10            3.2452554e-05  2.5794878e-11            
3.2721748e-05  -3.274333e-10            3.2608576e-05  2.6763025e-10            
3.2878312e-05  -5.1632438e-10            3.2764598e-05  3.880089e-10            
3.3034875e-05  -8.2849795e-10            3.292062e-05  3.8034627e-10            
3.3191438e-05  -4.6187556e-10            3.3076642e-05  8.1059976e-11            
3.3348002e-05  -4.5205421e-10            3.3232664e-05  4.0209484e-10            
3.3504565e-05  -6.9665116e-10            3.3388686e-05  4.3589732e-10            
3.3661129e-05  -2.4030609e-10            3.3544708e-05  1.0801391e-09            
3.3817692e-05  -3.9897346e-10            3.3700729e-05  5.9495418e-10            
3.3974255e-05  -9.0793232e-10            3.3856751e-05  3.9439565e-10            
3.4130819e-05  -7.2102383e-10            3.4012773e-05  6.7230955e-10            
3.4287382e-05  -1.1210793e-09            3.4168795e-05  -4.9739006e-11            
3.4443946e-05  -1.1703105e-09            3.4324817e-05  2.5066842e-10            
3.4600509e-05  -8.667704e-10            3.4480839e-05  2.8386154e-10            
3.4757072e-05  -7.4780253e-10            3.4636861e-05  5.1753681e-10            
3.4913636e-05  -9.9090992e-10            3.4792883e-05  7.3179491e-10            
3.5070199e-05  -1.3797219e-09            3.4948905e-05  7.2110224e-10            
3.5226762e-05  -1.2556462e-09            3.5104926e-05  4.5500988e-10            
3.5383326e-05  -1.0751806e-09            3.5260948e-05  3.5852131e-10            
3.5539889e-05  -1.0140626e-09            3.541697e-05  3.9933411e-10            
3.5696453e-05  -6.772586e-10            3.5572992e-05  5.7611547e-10            
3.5853016e-05  -8.3978977e-10            3.5729014e-05  4.9950594e-10            
3.6009579e-05  -9.3865281e-10            3.5885036e-05  5.9679105e-10            
3.6166143e-05  -1.1221987e-09            3.6041058e-05  7.3935182e-10            
3.6322706e-05  -1.4119151e-09            3.619708e-05  9.7799603e-10            
3.647927e-05  -1.4552981e-09            3.6353102e-05  1.1428921e-09            
3.6635833e-05  -1.6129827e-09            3.6509124e-05  8.3531281e-10            
3.6792396e-05  -1.6256431e-09            3.6665145e-05  5.133547e-10            
3.694896e-05  -1.998734e-09            3.6821167e-05  5.8568337e-10            
3.7105523e-05  -2.2665855e-09            3.6977189e-05  9.7362677e-10            
3.7262087e-05  -2.5672253e-09            3.7133211e-05  9.4388667e-10            
3.741865e-05  -2.4699664e-09            3.7289233e-05  6.120608e-10            
3.7575213e-05  -2.4147329e-09            3.7445255e-05  7.37417e-10            
3.7731777e-05  -2.5146076e-09            3.7601277e-05  1.151128e-09            
3.788834e-05  -2.6709348e-09            3.7757299e-05  1.1255623e-09            
3.8044903e-05  -2.8122028e-09            3.7913321e-05  7.7620007e-10            
3.8201467e-05  -2.625586e-09            3.8069342e-05  1.0912251e-09            
3.835803e-05  -2.4920828e-09            3.8225364e-05  1.585282e-09            
3.8514594e-05  -2.9755539e-09            3.8381386e-05  1.353943e-09            
3.8671157e-05  -3.1119287e-09            3.8537408e-05  1.929752e-09            
3.882772e-05  -2.6680941e-09            3.869343e-05  1.6975857e-09            
3.8984284e-05  -2.9024733e-09            3.8849452e-05  1.7880857e-09            
3.9140847e-05  -2.806565e-09            3.9005474e-05  2.5095195e-09            
3.9297411e-05  -3.8628104e-09            3.9161496e-05  2.3089672e-09            
3.9453974e-05  -3.7527421e-09            -          -              
3.9610537e-05  -4.039734e-09            -          -              
3.9767101e-05  -4.4053803e-09            -          -              
3.9923664e-05  -4.7816354e-09            -          -              
