Profile 1             Profile 2             
x       y           x       y           
[m]     [m]         [m]     [m]         
0  -2.4290935e-09            0  3.744516e-09            
1.9531999e-09  -2.4211841e-09            1.9579008e-09  3.6398539e-09            
3.9063997e-09  -2.3550982e-09            3.9158017e-09  3.6215662e-09            
5.8595996e-09  -2.1471438e-09            5.8737025e-09  3.5297415e-09            
7.8127994e-09  -2.0750897e-09            7.8316034e-09  3.5116498e-09            
9.7659993e-09  -2.0671803e-09            9.7895042e-09  3.3712444e-09            
1.1719199e-08  -2.0022953e-09            1.1747405e-08  3.3808462e-09            
1.3672399e-08  -1.8187886e-09            1.3705306e-08  3.2593834e-09            
1.5625599e-08  -1.7899104e-09            1.5663207e-08  3.0424484e-09            
1.7578799e-08  -1.7131765e-09            1.7621108e-08  3.0027469e-09            
1.9531999e-08  -1.6494936e-09            1.9579008e-08  2.6797043e-09            
2.1485198e-08  -1.469839e-09            2.1536909e-08  2.391407e-09            
2.3438398e-08  -1.4631061e-09            2.349481e-08  2.1744609e-09            
2.5391598e-08  -1.4564602e-09            2.5452711e-08  1.9574578e-09            
2.7344798e-08  -1.4257185e-09            2.7410612e-08  1.7404475e-09            
2.9297998e-08  -1.343267e-09            2.9368513e-08  1.4665934e-09            
3.1251198e-08  -1.3352706e-09            3.1326414e-08  1.0504183e-09            
3.3204398e-08  -1.273781e-09            3.3284314e-08  9.4391485e-10            
3.5157597e-08  -1.1007645e-09            3.5242215e-08  6.1474885e-10            
3.7110797e-08  -1.068526e-09            3.7200116e-08  3.3339807e-10            
3.9063997e-08  -9.8126689e-10            3.9158017e-08  1.1637034e-10            
4.1017197e-08  -9.7335737e-10            4.1115918e-08  -1.0045089e-10            
4.2970397e-08  -9.6531976e-10            4.3073819e-08  -2.5419512e-10            
4.4923597e-08  -9.5732347e-10            4.5031719e-08  -2.7244818e-10            
4.6876797e-08  -9.4941394e-10            4.698962e-08  -4.2925554e-10            
4.8829996e-08  -9.4141765e-10            4.8947521e-08  -4.7069989e-10            
5.0783196e-08  -9.3350811e-10            5.0905422e-08  -5.6308943e-10            
5.2736396e-08  -8.7494763e-10            5.2863323e-08  -5.1490253e-10            
5.4689596e-08  -7.6191285e-10            5.4821224e-08  -4.0896369e-10            
5.6642796e-08  -9.0956468e-10            5.6779125e-08  -3.0302485e-10            
5.8595996e-08  -9.0156842e-10            5.8737025e-08  -1.9708602e-10            
6.0549196e-08  -8.9365885e-10            6.0694926e-08  -9.1147179e-11            
6.2502395e-08  -8.856626e-10            6.2652827e-08  1.4661748e-11            
6.4455595e-08  -8.4782411e-10            6.4610728e-08  1.9414077e-10            
6.6408795e-08  -7.4593508e-10            6.6568629e-08  2.485447e-10            
6.8361995e-08  -7.6731565e-10            6.852653e-08  5.062711e-10            
7.0315195e-08  -8.5380959e-10            7.048443e-08  4.8830984e-10            
7.2268395e-08  -8.4581336e-10            7.2442331e-08  5.4431645e-10            
7.4221595e-08  -8.3790376e-10            7.4400232e-08  6.5025528e-10            
7.6174794e-08  -8.2990755e-10            7.6358133e-08  5.0360065e-10            
7.8127994e-08  -8.2199794e-10            7.8316034e-08  5.3994085e-10            
8.0081194e-08  -7.8157184e-10            8.0273935e-08  6.4587969e-10            
8.2034394e-08  -6.2613626e-10            8.2231835e-08  4.9690914e-10            
8.3987594e-08  -4.7590381e-10            8.4189736e-08  2.7988138e-10            
8.5940794e-08  -4.6799418e-10            8.6147637e-08  1.4743666e-10            
8.7893994e-08  -4.59998e-10            8.8105538e-08  -4.6903713e-11            
8.9847194e-08  -4.5208835e-10            9.0063439e-08  -9.1328368e-11            
9.1800393e-08  -4.7835963e-10            9.202134e-08  -2.6574449e-10            
9.3753593e-08  -5.775658e-10            9.3979241e-08  -3.9407749e-10            
9.5706793e-08  -6.1482166e-10            9.5937141e-08  -5.8880533e-10            
9.7659993e-08  -7.7754883e-10            9.7895042e-08  -6.3434706e-10            
9.9613193e-08  -9.2289956e-10            9.9852943e-08  -8.1155084e-10            
1.0156639e-07  -1.0844625e-09            1.0181084e-07  -1.0284896e-09            
1.0351959e-07  -1.188377e-09            1.0376874e-07  -1.1516477e-09            
1.0547279e-07  -1.224027e-09            1.0572665e-07  -1.1774061e-09            
1.0742599e-07  -1.3836529e-09            1.0768455e-07  -1.1881616e-09            
1.0937919e-07  -1.5693232e-09            1.0964245e-07  -1.0067916e-09            
1.1133239e-07  -1.8847511e-09            1.1160035e-07  -1.1470399e-09            
1.1328559e-07  -2.121274e-09            1.1355825e-07  -1.0965329e-09            
1.1523879e-07  -2.1554473e-09            1.1551615e-07  -9.9059352e-10            
1.1719199e-07  -2.3117816e-09            1.1747405e-07  -8.8465418e-10            
1.1914519e-07  -2.4233128e-09            1.1943195e-07  -6.7627301e-10            
1.2109839e-07  -2.4166238e-09            1.2138985e-07  -6.5307147e-10            
1.2305159e-07  -2.4495557e-09            1.2334775e-07  -5.6683616e-10            
1.2500479e-07  -2.5636446e-09            1.2530565e-07  -4.6089683e-10            
1.2695799e-07  -2.5557349e-09            1.2726355e-07  -3.5495749e-10            
1.2891119e-07  -2.5864255e-09            1.2922146e-07  -2.4901815e-10            
1.3086439e-07  -2.6963749e-09            1.3117936e-07  -1.4307881e-10            
1.3281759e-07  -2.7281089e-09            1.3313726e-07  -5.8785227e-10            
1.3477079e-07  -2.8081529e-09            1.3509516e-07  -5.7548329e-10            
1.3672399e-07  -2.7226351e-09            1.3705306e-07  -4.6954446e-10            
1.3867719e-07  -2.8718928e-09            1.3901096e-07  -3.6360562e-10            
1.4063039e-07  -2.993858e-09            1.4096886e-07  -4.2135758e-10            
1.4258359e-07  -2.9446819e-09            1.4292676e-07  -3.4011408e-10            
1.4453679e-07  -2.8061382e-09            1.4488466e-07  -7.0265088e-11            
1.4648999e-07  -2.7982285e-09            1.4684256e-07  6.0002038e-11            
1.4844319e-07  -2.7545352e-09            1.4880046e-07  3.8018655e-12            
1.5039639e-07  -2.5590995e-09            1.5075837e-07  -1.9502869e-10            
1.5234959e-07  -2.2742971e-09            1.5271627e-07  -4.1095639e-10            
1.5430279e-07  -2.1168433e-09            1.5467417e-07  -4.6598396e-10            
1.5625599e-07  -1.9738445e-09            1.5663207e-07  -5.3720286e-10            
1.5820919e-07  -1.933016e-09            1.5858997e-07  -5.7676295e-10            
1.6016239e-07  -1.8227442e-09            1.6054787e-07  -7.7322065e-10            
1.6211559e-07  -1.7716831e-09            1.6250577e-07  -9.9025153e-10            
1.6406879e-07  -1.6708263e-09            1.6446367e-07  -1.0782271e-09            
1.6602199e-07  -1.8063978e-09            1.6642157e-07  -1.4091686e-09            
1.6797519e-07  -1.7544486e-09            1.6837947e-07  -1.6412075e-09            
1.6992839e-07  -1.5256183e-09            1.7033737e-07  -1.4353506e-09            
1.7188159e-07  -1.3231645e-09            1.7229527e-07  -1.7387302e-09            
1.7383479e-07  -1.4150365e-09            1.7425318e-07  -1.6781194e-09            
1.7578799e-07  -1.2625616e-09            1.7621108e-07  -1.5721806e-09            
1.7774119e-07  -1.1766286e-09            1.7816898e-07  -1.4662418e-09            
1.7969439e-07  -8.4772744e-10            1.8012688e-07  -1.3603029e-09            
1.8164759e-07  -5.4933629e-10            1.8208478e-07  -1.2543641e-09            
1.8360079e-07  -3.9186306e-10            1.8404268e-07  -1.1484253e-09            
1.8555399e-07  -3.5401637e-10            1.8600058e-07  -1.1966022e-09            
1.8750719e-07  -2.5592614e-10            1.8795848e-07  -1.1029883e-09            
1.8946039e-07  -2.4919376e-10            1.8991638e-07  -8.4292859e-10            
1.9141359e-07  -2.4254738e-10            1.9187428e-07  -1.0236625e-09            
1.9336679e-07  -2.3578836e-10            1.9383218e-07  -1.2406246e-09            
1.9531999e-07  -2.2908652e-10            1.9579008e-07  -1.1570926e-09            
1.9727319e-07  -2.5040048e-10            1.9774799e-07  -1.202366e-09            
1.9922639e-07  -3.7974774e-10            1.9970589e-07  -1.2573554e-09            
2.0117959e-07  -5.3112431e-10            2.0166379e-07  -1.1614666e-09            
2.0313279e-07  -5.2444808e-10            2.0362169e-07  -1.3591597e-09            
2.0508599e-07  -5.1774456e-10            2.0557959e-07  -1.4208813e-09            
2.0703919e-07  -5.3752151e-10            2.0753749e-07  -1.479276e-09            
2.0899238e-07  -6.1045495e-10            2.0949539e-07  -1.6879989e-09            
2.1094558e-07  -6.0254499e-10            2.1145329e-07  -1.5981769e-09            
2.1289878e-07  -5.9450738e-10            2.1341119e-07  -1.7998035e-09            
2.1485198e-07  -6.4071807e-10            2.1536909e-07  -2.0168395e-09            
2.1680518e-07  -8.2464061e-10            2.1732699e-07  -1.9246631e-09            
2.1875838e-07  -8.1333812e-10            2.1928489e-07  -2.1286403e-09            
2.2071158e-07  -5.6269573e-10            2.212428e-07  -2.3455999e-09            
2.2266478e-07  -5.546999e-10            2.232007e-07  -2.4182892e-09            
2.2461798e-07  -5.467899e-10            2.251586e-07  -2.4627896e-09            
2.2657118e-07  -5.3875229e-10            2.271165e-07  -2.6744347e-09            
2.2852438e-07  -5.8719284e-10            2.290744e-07  -2.5775367e-09            
2.3047758e-07  -7.7556902e-10            2.310323e-07  -2.7863184e-09            
2.3243078e-07  -8.9407511e-10            2.329902e-07  -2.5138401e-09            
2.3438398e-07  -1.1409996e-09            2.349481e-07  -2.5786403e-09            
2.3633718e-07  -1.3987804e-09            2.36906e-07  -2.6162225e-09            
2.3829038e-07  -1.5370002e-09            2.388639e-07  -2.5115906e-09            
2.4024358e-07  -1.8299469e-09            2.408218e-07  -2.4046976e-09            
2.4219678e-07  -2.101585e-09            2.427797e-07  -2.1593465e-09            
2.4414998e-07  -2.3999052e-09            2.4473761e-07  -2.5546699e-09            
2.4610318e-07  -2.3919095e-09            2.4669551e-07  -2.4063812e-09            
2.4805638e-07  -2.3839994e-09            2.4865341e-07  -2.1142141e-09            
2.5000958e-07  -2.3760037e-09            2.5061131e-07  -2.1920316e-09            
2.5196278e-07  -2.3680936e-09            2.5256921e-07  -1.7633397e-09            
2.5391598e-07  -2.3600978e-09            2.5452711e-07  -1.6564467e-09            
2.5586918e-07  -2.3521878e-09            2.5648501e-07  -1.5495537e-09            
2.5782238e-07  -2.3441501e-09            2.5844291e-07  -1.4426608e-09            
2.5977558e-07  -2.3361544e-09            2.6040081e-07  -1.3340082e-09            
2.6172878e-07  -2.3282443e-09            2.6235871e-07  -1.09876e-09            
2.6368198e-07  -2.3824035e-09            2.6431661e-07  -9.928207e-10            
2.6563518e-07  -2.564941e-09            2.6627451e-07  -8.8688136e-10            
2.6758838e-07  -2.5582758e-09            2.6823242e-07  -7.8094202e-10            
2.6954158e-07  -2.568129e-09            2.7019032e-07  -6.7500268e-10            
2.7149478e-07  -2.6105872e-09            2.7214822e-07  -5.725818e-10            
2.7344798e-07  -2.6025915e-09            2.7410612e-07  -5.8751689e-10            
2.7540118e-07  -2.5946813e-09            2.7606402e-07  -4.8062391e-10            
2.7735438e-07  -2.5866437e-09            2.7802192e-07  -3.7373093e-10            
2.7930758e-07  -2.6433998e-09            2.7997982e-07  -2.7442716e-10            
2.8126078e-07  -2.8335487e-09            2.8193772e-07  -3.5338232e-10            
2.8321398e-07  -2.8411665e-09            2.8389562e-07  -6.1803883e-11            
2.8516718e-07  -2.862816e-09            2.8585352e-07  -1.4043513e-10            
2.8712038e-07  -2.8134031e-09            2.8781142e-07  1.2996105e-10            
2.8907358e-07  -2.8066852e-09            2.8976933e-07  -3.7091159e-10            
2.9102678e-07  -2.733339e-09            2.9172723e-07  -1.6007398e-10            
2.9297998e-07  -2.522893e-09            2.9368513e-07  -1.743487e-10            
2.9493318e-07  -2.5149828e-09            2.9564303e-07  -2.826792e-10            
2.9688638e-07  -2.5069872e-09            2.9760093e-07  -4.8720545e-10            
2.9883958e-07  -2.499077e-09            2.9955883e-07  -5.0656099e-10            
3.0079278e-07  -2.4910814e-09            3.0151673e-07  -7.0899254e-10            
3.0274598e-07  -2.4831712e-09            3.0347463e-07  -7.3351851e-10            
3.0469918e-07  -2.4751335e-09            3.0543253e-07  -1.0231005e-09            
3.0665238e-07  -2.4671379e-09            3.0739043e-07  -9.1716121e-10            
3.0860558e-07  -2.4488923e-09            3.0934833e-07  -8.3520364e-10            
3.1055878e-07  -2.4208486e-09            3.1130623e-07  -1.0108217e-09            
3.1251198e-07  -2.3633884e-09            3.1326414e-07  -7.3022201e-10            
3.1446518e-07  -2.1131342e-09            3.1522204e-07  -9.2923077e-10            
3.1641838e-07  -2.105224e-09            3.1717994e-07  -9.0990848e-10            
3.1837158e-07  -2.0972284e-09            3.1913784e-07  -6.0366338e-10            
3.2032478e-07  -2.0009204e-09            3.2109574e-07  -4.9772455e-10            
3.2227798e-07  -1.7264108e-09            3.2305364e-07  -4.1206809e-10            
3.2423118e-07  -1.6475274e-09            3.2501154e-07  -4.8747555e-10            
3.2618438e-07  -1.4211599e-09            3.2696944e-07  -1.7990804e-10            
3.2813758e-07  -1.4059485e-09            3.2892734e-07  -7.3991026e-11            
3.3009078e-07  -1.3043417e-09            3.3088524e-07  4.1553562e-11            
3.3204398e-07  -1.1550566e-09            3.3284314e-07  2.2358115e-10            
3.3399718e-07  -1.3892209e-09            3.3480104e-07  2.4362803e-10            
3.3595038e-07  -1.3753501e-09            3.3675895e-07  3.4956737e-10            
3.3790358e-07  -1.3505854e-09            3.3871685e-07  4.5550671e-10            
3.3985678e-07  -1.2691949e-09            3.4067475e-07  5.6144605e-10            
3.4180998e-07  -1.0352172e-09            3.4263265e-07  6.3003573e-10            
3.4376318e-07  -1.0225992e-09            3.4459055e-07  4.6184164e-10            
3.4571638e-07  -9.2592905e-10            3.4654845e-07  6.3546061e-10            
3.4766957e-07  -6.8512807e-10            3.4850635e-07  6.6305767e-10            
3.4962277e-07  -5.8971012e-10            3.5046425e-07  7.284956e-10            
3.5157597e-07  -3.4769762e-10            3.5242215e-07  5.5274323e-10            
3.5352917e-07  -2.5361316e-10            3.5438005e-07  6.5868207e-10            
3.5548237e-07  -1.3055201e-11            3.5633795e-07  7.2177736e-10            
3.5743557e-07  -5.1856704e-12            3.5829585e-07  5.4849317e-10            
3.5938877e-07  2.6858651e-12            3.6025376e-07  6.6580663e-10            
3.6134197e-07  1.0595566e-11            3.6221166e-07  8.3045206e-10            
3.6329517e-07  -5.9945165e-11            3.6416956e-07  8.3180957e-10            
3.6524837e-07  -2.1144715e-10            3.6612746e-07  7.2967186e-10            
3.6720157e-07  1.1470427e-10            3.6808536e-07  8.7062001e-10            
3.6915477e-07  3.6459534e-10            3.7004326e-07  1.1841292e-09            
3.7110797e-07  3.7259077e-10            3.7200116e-07  1.3017772e-09            
3.7306117e-07  3.0026162e-10            3.7395906e-07  1.4600566e-09            
3.7501437e-07  1.4659609e-10            3.7591696e-07  1.5019472e-09            
3.7696757e-07  3.9653419e-10            3.7787486e-07  1.6078866e-09            
3.7892077e-07  4.044446e-10            3.7983276e-07  1.6733671e-09            
3.8087397e-07  4.9145849e-10            3.8179066e-07  1.5695534e-09            
3.8282717e-07  6.5750658e-10            3.8374857e-07  1.6626694e-09            
3.8478037e-07  4.2834582e-10            3.8570647e-07  1.6667191e-09            
3.8673357e-07  4.3625626e-10            3.8766437e-07  1.5504594e-09            
3.8868677e-07  4.4429387e-10            3.8962227e-07  1.5991742e-09            
3.9063997e-07  4.5228924e-10            3.9158017e-07  1.6481209e-09            
3.9259317e-07  4.6019969e-10            3.9353807e-07  1.4311921e-09            
3.9454637e-07  4.6819506e-10            3.9549597e-07  1.2260275e-09            
3.9649957e-07  5.5646352e-10            3.9745387e-07  1.1089839e-09            
3.9845277e-07  8.0629298e-10            3.9941177e-07  1.1022999e-09            
4.0040597e-07  8.1420345e-10            4.0136967e-07  8.8528607e-10            
4.0235917e-07  8.221988e-10            4.0332757e-07  7.4187291e-10            
4.0431237e-07  8.3010928e-10            4.0528547e-07  8.7307635e-10            
4.0626557e-07  8.434665e-10            4.0724338e-07  8.3082449e-10            
4.0821877e-07  8.6308579e-10            4.0920128e-07  6.0925069e-10            
4.1017197e-07  8.5405271e-10            4.1115918e-07  2.3349784e-10            
4.1212517e-07  7.8792127e-10            4.1311708e-07  2.9338176e-10            
4.1407837e-07  5.6767918e-10            4.1507498e-07  3.993211e-10            
4.1603157e-07  4.8229013e-10            4.1703288e-07  4.4945865e-10            
4.1798477e-07  1.8302851e-10            4.1899078e-07  3.3148927e-10            
4.1993797e-07  -1.5282398e-10            4.2094868e-07  3.3743235e-10            
4.2189117e-07  -4.6697638e-10            4.2290658e-07  2.1942278e-10            
4.2384437e-07  -7.0068687e-10            4.2486448e-07  2.1427532e-10            
4.2579757e-07  -6.9277633e-10            4.2682238e-07  8.35144e-12            
4.2775077e-07  -6.8478105e-10            4.2878029e-07  -1.7043036e-10            
4.2970397e-07  -6.8602986e-10            4.3073819e-07  -3.265196e-10            
4.3165717e-07  -6.9730998e-10            4.3269609e-07  -3.3135256e-10            
4.3361037e-07  -7.3171689e-10            4.3465399e-07  -4.8473584e-10            
4.3556357e-07  -9.4479151e-10            4.3661189e-07  -4.6736775e-10            
4.3751677e-07  -8.8655862e-10            4.3856979e-07  -5.5037028e-10            
4.3946997e-07  -5.6722771e-10            4.4052769e-07  -4.8861663e-10            
4.4142317e-07  -3.4010996e-10            4.4248559e-07  -4.8201264e-10            
4.4337637e-07  -2.1841314e-10            4.4444349e-07  -5.1035167e-10            
4.4532957e-07  3.0967614e-11            4.4640139e-07  -1.6048604e-10            
4.4728277e-07  1.0756273e-10            4.4835929e-07  -5.4588673e-11            
4.4923597e-07  3.1978266e-10            4.5031719e-07  5.1223237e-11            
4.5118917e-07  2.585301e-10            4.522751e-07  1.5716258e-10            
4.5314237e-07  6.2779266e-11            4.54233e-07  3.4524507e-10            
4.5509557e-07  7.0816877e-11            4.561909e-07  6.0815366e-10            
4.5704877e-07  6.5222562e-11            4.581488e-07  4.7498059e-10            
4.5900197e-07  -3.5543652e-11            4.601067e-07  6.5654822e-10            
4.6095517e-07  -2.4150238e-10            4.620646e-07  8.9945461e-10            
4.6290837e-07  -3.4348788e-10            4.640225e-07  7.9279861e-10            
4.6486157e-07  -5.4829817e-10            4.659804e-07  8.9873795e-10            
4.6681477e-07  -6.5168435e-10            4.679383e-07  1.0046773e-09            
4.6876797e-07  -8.551788e-10            4.698962e-07  1.1106166e-09            
4.7072117e-07  -9.5975357e-10            4.718541e-07  1.1272967e-09            
4.7267437e-07  -1.1621022e-09            4.73812e-07  1.0003032e-09            
4.7462757e-07  -1.1871541e-09            4.7576991e-07  1.1062425e-09            
4.7658077e-07  -1.1299191e-09            4.7772781e-07  1.2121819e-09            
4.7853397e-07  -1.1220084e-09            4.7968571e-07  1.3181212e-09            
4.8048717e-07  -1.1140133e-09            4.8164361e-07  1.4240605e-09            
4.8244037e-07  -1.1061026e-09            4.8360151e-07  1.5299999e-09            
4.8439357e-07  -1.0981075e-09            4.8555941e-07  1.5411783e-09            
4.8634676e-07  -1.0901968e-09            4.8751731e-07  1.4257607e-09            
4.8829996e-07  -1.0821591e-09            4.8947521e-07  1.5392998e-09            
4.9025316e-07  -1.074164e-09            4.9143311e-07  1.5400426e-09            
4.9220636e-07  -1.147095e-09            4.9339101e-07  1.5254789e-09            
4.9415956e-07  -1.3804078e-09            4.9534891e-07  1.8434526e-09            
4.9611276e-07  -1.3742833e-09            4.9730681e-07  1.8499086e-09            
-          -              4.9926472e-07  1.7002422e-09            
