Profile 1             Profile 2             Profile 3             
x       y           x       y           x       y           
[m]     [m]         [m]     [m]         [m]     [m]         
0  -2.518621e-09            0  2.0459935e-09            0  5.3017824e-09            
1.9599952e-09  -2.5116491e-09            1.9527536e-09  1.9534568e-09            1.9568335e-09  5.0438573e-09            
3.9199904e-09  -2.4959882e-09            3.9055072e-09  1.9149231e-09            3.9136671e-09  4.790524e-09            
5.8799856e-09  -2.4801911e-09            5.8582608e-09  1.9708128e-09            5.8705006e-09  4.2232009e-09            
7.8399808e-09  -2.4711414e-09            7.8110144e-09  1.8042498e-09            7.8273342e-09  4.2762507e-09            
9.799976e-09  -2.4620573e-09            9.763768e-09  1.773592e-09            9.7841677e-09  3.7107765e-09            
1.1759971e-08  -2.284108e-09            1.1716522e-08  1.9099571e-09            1.1741001e-08  3.4526835e-09            
1.3719966e-08  -2.3380545e-09            1.3669275e-08  2.1064224e-09            1.3697835e-08  3.1991359e-09            
1.5679962e-08  -2.4629805e-09            1.5622029e-08  2.2158879e-09            1.5654668e-08  3.2561956e-09            
1.7639957e-08  -2.4560009e-09            1.7574782e-08  2.3998863e-09            1.7611502e-08  3.3142484e-09            
1.9599952e-08  -2.4490703e-09            1.9527536e-08  2.3471128e-09            1.9568335e-08  3.0615781e-09            
2.1559947e-08  -2.421564e-09            2.148029e-08  2.1803057e-09            2.1525169e-08  3.1188046e-09            
2.3519943e-08  -2.3986106e-09            2.3433043e-08  2.2236088e-09            2.3482003e-08  2.8672418e-09            
2.5479938e-08  -2.199235e-09            2.5385797e-08  2.241085e-09            2.5438836e-08  2.9253329e-09            
2.7439933e-08  -2.0649158e-09            2.733855e-08  2.1008358e-09            2.739567e-08  2.6726085e-09            
2.9399928e-08  -2.0558799e-09            2.9291304e-08  2.0089747e-09            2.9352503e-08  2.723694e-09            
3.1359923e-08  -2.0744097e-09            3.1244058e-08  1.8685432e-09            3.1309337e-08  2.1626014e-09            
3.3319919e-08  -2.0848464e-09            3.3196811e-08  1.8771583e-09            3.326617e-08  2.2135916e-09            
3.5279914e-08  -2.2738128e-09            3.5149565e-08  1.8858044e-09            3.5223004e-08  1.6419952e-09            
3.7239909e-08  -2.2215915e-09            3.7102318e-08  1.8944193e-09            3.7179837e-08  1.0900815e-09            
3.9199904e-08  -2.282007e-09            3.9055072e-08  1.9030655e-09            3.9136671e-08  1.4579146e-09            
4.1159899e-08  -2.3725591e-09            4.1007826e-08  1.9116804e-09            4.1093505e-08  1.5089676e-09            
4.3119895e-08  -2.5658696e-09            4.2960579e-08  1.8938176e-09            4.3050338e-08  1.2556496e-09            
4.507989e-08  -2.6360975e-09            4.4913333e-08  1.8894297e-09            4.5007172e-08  1.0083441e-09            
4.7039885e-08  -2.6053625e-09            4.6866086e-08  1.9375877e-09            4.6964005e-08  1.0601121e-09            
4.899988e-08  -2.5963361e-09            4.881884e-08  1.9462024e-09            4.8920839e-08  8.0449878e-10            
5.0959875e-08  -2.5873707e-09            5.0771594e-08  1.9548488e-09            5.0877672e-08  5.5898289e-10            
5.2919871e-08  -2.5782804e-09            5.2724347e-08  2.0634124e-09            5.2834506e-08  6.1938567e-10            
5.4879866e-08  -2.5692375e-09            5.4677101e-08  2.2216629e-09            5.4791339e-08  6.6849513e-10            
5.6839861e-08  -2.5601473e-09            5.6629854e-08  2.2303208e-09            5.6748173e-08  4.2478622e-10            
5.8799856e-08  -2.5511043e-09            5.8582608e-08  2.2653096e-09            5.8705006e-08  4.7295765e-10            
6.0759851e-08  -2.5930608e-09            6.0535362e-08  2.4132919e-09            6.066184e-08  2.1735573e-10            
6.2719847e-08  -2.61175e-09            6.2488115e-08  2.5716021e-09            6.2618674e-08  -3.8006698e-11            
6.4679842e-08  -2.7083751e-09            6.4440869e-08  2.5539121e-09            6.4575507e-08  -2.9388018e-10            
6.6639837e-08  -2.7473665e-09            6.6393622e-08  2.5228894e-09            6.6532341e-08  -5.4949347e-10            
6.8599832e-08  -2.7362378e-09            6.8346376e-08  2.5578589e-09            6.8489174e-08  -7.8960584e-10            
7.0559828e-08  -2.7250103e-09            7.029913e-08  2.4801824e-09            7.0446008e-08  -7.2894438e-10            
7.2519823e-08  -2.5583553e-09            7.2251883e-08  2.1996396e-09            7.2402841e-08  -6.6852535e-10            
7.4479818e-08  -2.4785707e-09            7.4204637e-08  2.0582622e-09            7.4359675e-08  -6.2516421e-10            
7.6439813e-08  -2.4694823e-09            7.615739e-08  2.066909e-09            7.6316508e-08  -8.6313599e-10            
7.8399808e-08  -2.4604372e-09            7.8110144e-08  2.1748555e-09            7.8273342e-08  -8.0261417e-10            
8.0359804e-08  -2.4513495e-09            8.0062898e-08  2.3337226e-09            8.0230176e-08  -7.6335902e-10            
8.2319799e-08  -2.4423037e-09            8.2015651e-08  2.3423811e-09            8.2187009e-08  -1.0167662e-09            
8.4279794e-08  -2.2820469e-09            8.3968405e-08  2.3509836e-09            8.4143843e-08  -1.2722287e-09            
8.6239789e-08  -2.2126771e-09            8.5921158e-08  2.3596422e-09            8.6100676e-08  -1.4840286e-09            
8.8199784e-08  -2.1297915e-09            8.7873912e-08  2.3682446e-09            8.805751e-08  -1.15234e-09            
9.015978e-08  -2.0904635e-09            8.9826666e-08  2.3769033e-09            9.0014343e-08  -1.3836896e-09            
9.2119775e-08  -2.1611969e-09            9.1779419e-08  2.3855056e-09            9.1971177e-08  -1.3009302e-09            
9.407977e-08  -2.184853e-09            9.3732173e-08  2.2952118e-09            9.392801e-08  -9.7498729e-10            
9.6039765e-08  -2.4079361e-09            9.5684926e-08  2.1532145e-09            9.5884844e-08  -1.2284257e-09            
9.799976e-08  -2.6321302e-09            9.763768e-08  2.1618285e-09            9.7841677e-08  -1.4595679e-09            
9.9959756e-08  -2.6762561e-09            9.9590434e-08  2.0716652e-09            9.9798511e-08  -1.3991435e-09            
1.0191975e-07  -2.5233347e-09            1.0154319e-07  1.9295375e-09            1.0175534e-07  -1.3641594e-09            
1.0387975e-07  -2.608702e-09            1.0349594e-07  2.036855e-09            1.0371218e-07  -1.6197727e-09            
1.0583974e-07  -2.6490414e-09            1.0544869e-07  2.1963506e-09            1.0566901e-07  -1.848519e-09            
1.0779974e-07  -2.7355324e-09            1.0740145e-07  2.2049978e-09            1.0762585e-07  -1.7881144e-09            
1.0975973e-07  -2.760313e-09            1.093542e-07  2.2136116e-09            1.0958268e-07  -1.7557763e-09            
1.1171973e-07  -2.9922235e-09            1.1130696e-07  2.2222589e-09            1.1153951e-07  -1.9827014e-09            
1.1367972e-07  -3.0620264e-09            1.1325971e-07  2.2308727e-09            1.1349635e-07  -1.9220512e-09            
1.1563972e-07  -2.813998e-09            1.1521246e-07  2.1150446e-09            1.1545318e-07  -1.8912859e-09            
1.1759971e-07  -2.7325808e-09            1.1716522e-07  1.834213e-09            1.1741001e-07  -2.0842816e-09            
1.1955971e-07  -2.6177427e-09            1.1911797e-07  1.6916585e-09            1.1936685e-07  -1.7735122e-09            
1.215197e-07  -2.4666406e-09            1.2107072e-07  1.70026e-09            1.2132368e-07  -2.0248935e-09            
1.234797e-07  -2.2900813e-09            1.2302348e-07  1.7089196e-09            1.2328051e-07  -2.2805068e-09            
1.2543969e-07  -2.4895907e-09            1.2497623e-07  1.717521e-09            1.2523735e-07  -2.5035087e-09            
1.2739969e-07  -2.5494505e-09            1.2692898e-07  1.7261807e-09            1.2719418e-07  -2.4451788e-09            
1.2935968e-07  -2.7892094e-09            1.2888174e-07  1.7088253e-09            1.2915101e-07  -2.350479e-09            
1.3131968e-07  -2.8468751e-09            1.3083449e-07  1.8015144e-09            1.3110785e-07  -2.0433637e-09            
1.3327967e-07  -2.8378064e-09            1.3278724e-07  1.9757093e-09            1.3306468e-07  -2.298977e-09            
1.3523967e-07  -2.8287408e-09            1.3474e-07  1.8462046e-09            1.3502151e-07  -2.5545902e-09            
1.3719966e-07  -2.694081e-09            1.3669275e-07  1.7032959e-09            1.3697835e-07  -2.7737228e-09            
1.3915966e-07  -2.5263186e-09            1.3864551e-07  1.7119559e-09            1.3893518e-07  -2.7130793e-09            
1.4111966e-07  -2.4859852e-09            1.4059826e-07  1.7205569e-09            1.4089202e-07  -2.6529548e-09            
1.4307965e-07  -2.4769221e-09            1.4255101e-07  1.7292171e-09            1.4284885e-07  -2.6322952e-09            
1.4503965e-07  -2.3468562e-09            1.4450377e-07  1.7636518e-09            1.4480568e-07  -2.8451958e-09            
1.4699964e-07  -2.5714594e-09            1.4645652e-07  1.8382728e-09            1.4676252e-07  -2.7866115e-09            
1.4895964e-07  -2.6214181e-09            1.4840927e-07  1.861122e-09            1.4871935e-07  -2.7258744e-09            
1.5091963e-07  -2.7316823e-09            1.5036203e-07  1.9529539e-09            1.5067618e-07  -2.6228448e-09            
1.5287963e-07  -2.7471464e-09            1.5231478e-07  2.1537653e-09            1.5263302e-07  -2.330951e-09            
1.5483962e-07  -2.7380688e-09            1.5426753e-07  2.1624257e-09            1.5458985e-07  -2.5446887e-09            
1.5679962e-07  -2.7290146e-09            1.5622029e-07  2.1452453e-09            1.5654668e-07  -2.4843658e-09            
1.5875961e-07  -2.6077465e-09            1.5817304e-07  2.113701e-09            1.5850352e-07  -2.425636e-09            
1.6071961e-07  -2.4239692e-09            1.601258e-07  2.1223141e-09            1.6046035e-07  -2.3629704e-09            
1.626796e-07  -2.2768194e-09            1.6207855e-07  2.0336698e-09            1.6241718e-07  -2.3025659e-09            
1.646396e-07  -2.3583189e-09            1.640313e-07  1.9873538e-09            1.6437402e-07  -2.2421245e-09            
1.6659959e-07  -2.3681311e-09            1.6598406e-07  2.1482233e-09            1.6633085e-07  -2.2269214e-09            
1.6855959e-07  -2.3590435e-09            1.6793681e-07  2.1568362e-09            1.6828769e-07  -2.482192e-09            
1.7051958e-07  -2.3499994e-09            1.6988956e-07  2.1654844e-09            1.7024452e-07  -2.689516e-09            
1.7247958e-07  -2.3410568e-09            1.7184232e-07  2.1740972e-09            1.7220135e-07  -2.6311125e-09            
1.7443957e-07  -2.3318905e-09            1.7379507e-07  2.1570775e-09            1.7415819e-07  -2.6185383e-09            
1.7639957e-07  -2.3229264e-09            1.7574782e-07  2.1253724e-09            1.7611502e-07  -2.8256824e-09            
1.7835956e-07  -2.3137582e-09            1.7770058e-07  2.1340335e-09            1.7807185e-07  -2.7159805e-09            
1.8031956e-07  -2.304796e-09            1.7965333e-07  2.1426334e-09            1.8002869e-07  -2.3889553e-09            
1.8227955e-07  -2.2956259e-09            1.8160608e-07  2.1512946e-09            1.8198552e-07  -2.3787753e-09            
1.8423955e-07  -2.1007482e-09            1.8355884e-07  2.1598944e-09            1.8394235e-07  -2.634012e-09            
1.8619954e-07  -2.0658821e-09            1.8551159e-07  2.0974253e-09            1.8589919e-07  -2.8362336e-09            
1.8815954e-07  -2.2457544e-09            1.8746435e-07  1.9935912e-09            1.8785602e-07  -2.7761729e-09            
1.9011954e-07  -2.4532382e-09            1.894171e-07  2.0021909e-09            1.8981285e-07  -2.7175019e-09            
1.9207953e-07  -2.5562214e-09            1.9136985e-07  2.0108523e-09            1.9176969e-07  -2.6570975e-09            
1.9403953e-07  -2.5569017e-09            1.9332261e-07  1.9939094e-09            1.9372652e-07  -2.5428304e-09            
1.9599952e-07  -2.7496045e-09            1.9527536e-07  1.9621274e-09            1.9568335e-07  -2.2750174e-09            
1.9795952e-07  -2.5587822e-09            1.9722811e-07  1.9707399e-09            1.9764019e-07  -2.4759771e-09            
1.9991951e-07  -2.5296553e-09            1.9918087e-07  2.1013461e-09            1.9959702e-07  -2.4172867e-09            
2.0187951e-07  -2.4409094e-09            2.0113362e-07  2.3035511e-09            2.0155386e-07  -2.4126787e-09            
2.038395e-07  -2.4266978e-09            2.0308637e-07  2.3121504e-09            2.0351069e-07  -2.6095502e-09            
2.057995e-07  -2.4198582e-09            2.0503913e-07  2.3208122e-09            2.0546752e-07  -2.549525e-09            
2.0775949e-07  -2.4876144e-09            2.0699188e-07  2.3038732e-09            2.0742436e-07  -2.490387e-09            
2.0971949e-07  -2.4112978e-09            2.0894464e-07  2.1758002e-09            2.0938119e-07  -2.4866769e-09            
2.1167948e-07  -2.3988737e-09            2.1089739e-07  2.0311498e-09            2.1133802e-07  -2.624264e-09            
2.1363948e-07  -2.4617029e-09            2.1285014e-07  2.0396654e-09            2.1329486e-07  -2.3686985e-09            
2.1559947e-07  -2.4571143e-09            2.148029e-07  1.9268837e-09            2.1525169e-07  -2.5620046e-09            
2.1755947e-07  -2.6802515e-09            2.1675565e-07  1.7414874e-09            2.1720852e-07  -2.5015477e-09            
2.1951946e-07  -2.6867268e-09            2.187084e-07  1.750003e-09            2.1916536e-07  -2.4409251e-09            
2.2147946e-07  -2.6796476e-09            2.2066116e-07  1.7586151e-09            2.2112219e-07  -2.4427231e-09            
2.2343945e-07  -2.6728167e-09            2.2261391e-07  1.7672641e-09            2.2307902e-07  -2.6978693e-09            
2.2539945e-07  -2.4220661e-09            2.2456666e-07  1.7505564e-09            2.2503586e-07  -2.7622917e-09            
2.2735944e-07  -2.1561186e-09            2.2651942e-07  1.7438814e-09            2.2699269e-07  -2.2649093e-09            
2.2931944e-07  -2.0799913e-09            2.2847217e-07  1.7931371e-09            2.2894953e-07  -2.389399e-09            
2.3127943e-07  -2.0691023e-09            2.3042493e-07  1.8017863e-09            2.3090636e-07  -2.143156e-09            
2.3323943e-07  -2.0599507e-09            2.3237768e-07  1.8103982e-09            2.3286319e-07  -2.3329736e-09            
2.3519943e-07  -2.3592658e-09            2.3433043e-07  1.8190474e-09            2.3482003e-07  -2.3389655e-09            
2.3715942e-07  -2.3574602e-09            2.3628319e-07  1.8024148e-09            2.3677686e-07  -2.4605335e-09            
2.3911942e-07  -2.3483014e-09            2.3823594e-07  1.7001472e-09            2.3873369e-07  -2.1514331e-09            
2.4107941e-07  -2.3393294e-09            2.4018869e-07  1.6656296e-09            2.4069053e-07  -2.159008e-09            
2.4303941e-07  -2.3301658e-09            2.4214145e-07  1.7875968e-09            2.4264736e-07  -2.4141097e-09            
2.449994e-07  -2.3211987e-09            2.440942e-07  1.8213893e-09            2.4460419e-07  -2.5296259e-09            
2.469594e-07  -2.3122704e-09            2.4604695e-07  1.7755781e-09            2.4656103e-07  -2.3650002e-09            
2.4891939e-07  -2.3035561e-09            2.4799971e-07  1.6298934e-09            2.4851786e-07  -2.7248088e-09            
2.5087939e-07  -2.5739694e-09            2.4995246e-07  1.613313e-09            2.5047469e-07  -2.4193628e-09            
2.5283938e-07  -2.2876939e-09            2.5190521e-07  1.5811682e-09            2.5243153e-07  -2.3594925e-09            
2.5479938e-07  -2.5914267e-09            2.5385797e-07  1.6149332e-09            2.5438836e-07  -2.3727472e-09            
2.5675937e-07  -2.5870222e-09            2.5581072e-07  1.6392967e-09            2.563452e-07  -2.5535073e-09            
2.5871937e-07  -2.8577194e-09            2.5776348e-07  1.6321692e-09            2.5830203e-07  -2.492895e-09            
2.6067936e-07  -2.5643619e-09            2.5971623e-07  1.7766798e-09            2.6025886e-07  -2.3582459e-09            
2.6263936e-07  -2.5551659e-09            2.6166898e-07  1.9398751e-09            2.622157e-07  -2.0563969e-09            
2.6459935e-07  -2.545655e-09            2.6362174e-07  1.9484866e-09            2.6417253e-07  -1.9959292e-09            
2.6655935e-07  -2.5198052e-09            2.6557449e-07  2.0770531e-09            2.6612936e-07  -1.935319e-09            
2.6851934e-07  -2.5129771e-09            2.6752724e-07  2.2812991e-09            2.680862e-07  -1.8748487e-09            
2.7047934e-07  -2.506418e-09            2.6948e-07  2.1700999e-09            2.7004303e-07  -1.8142395e-09            
2.7243933e-07  -2.5099654e-09            2.7143275e-07  1.9830086e-09            2.7199986e-07  -1.8310307e-09            
2.7439933e-07  -2.5152504e-09            2.733855e-07  1.8970483e-09            2.739567e-07  -2.0070865e-09            
2.7635932e-07  -2.7849232e-09            2.7533826e-07  1.8453089e-09            2.7591353e-07  -1.8694066e-09            
2.7831932e-07  -2.4994886e-09            2.7729101e-07  1.9839168e-09            2.7787036e-07  -1.5728763e-09            
2.8027931e-07  -2.7868156e-09            2.7924377e-07  1.9515226e-09            2.798272e-07  -1.5935977e-09            
2.8223931e-07  -2.7801669e-09            2.8119652e-07  1.9352165e-09            2.8178403e-07  -1.7666928e-09            
2.8419931e-07  -2.7507034e-09            2.8314927e-07  1.9028328e-09            2.8374086e-07  -1.7068953e-09            
2.861593e-07  -2.4502545e-09            2.8510203e-07  1.9364137e-09            2.856977e-07  -1.7295894e-09            
2.881193e-07  -2.4434168e-09            2.8705478e-07  1.9859628e-09            2.8765453e-07  -1.9008285e-09            
2.9007929e-07  -2.4363443e-09            2.8900753e-07  1.9945598e-09            2.8961137e-07  -1.8402244e-09            
2.9203929e-07  -2.4295047e-09            2.9096029e-07  2.0032239e-09            2.915682e-07  -1.7804433e-09            
2.9399928e-07  -2.4224342e-09            2.9291304e-07  2.1059349e-09            2.9352503e-07  -1.7210634e-09            
2.9595928e-07  -2.4155927e-09            2.9486579e-07  2.1758847e-09            2.9548187e-07  -1.6587423e-09            
2.9791927e-07  -2.4085241e-09            2.9681855e-07  2.0290819e-09            2.974387e-07  -1.5982643e-09            
2.9987927e-07  -2.4016806e-09            2.987713e-07  2.0626109e-09            2.9939553e-07  -1.4520708e-09            
3.0183926e-07  -2.3946139e-09            3.0072405e-07  2.2062538e-09            3.0135237e-07  -1.2501026e-09            
3.0379926e-07  -2.3877686e-09            3.0267681e-07  2.3705275e-09            3.033092e-07  -1.4161302e-09            
3.0575925e-07  -2.3781289e-09            3.0462956e-07  2.379192e-09            3.0526603e-07  -1.3544873e-09            
3.0771925e-07  -2.3467741e-09            3.0658232e-07  2.2939251e-09            3.0722287e-07  -1.2957001e-09            
3.0967924e-07  -2.3408152e-09            3.0853507e-07  2.1716535e-09            3.091797e-07  -1.3242548e-09            
3.1163924e-07  -2.3599476e-09            3.1048782e-07  2.1967207e-09            3.1113653e-07  -1.4901155e-09            
3.1359923e-07  -2.3529092e-09            3.1244058e-07  2.1641126e-09            3.1309337e-07  -1.3399546e-09            
3.1555923e-07  -2.3460655e-09            3.1439333e-07  2.172763e-09            3.150502e-07  -9.6426031e-10            
3.1751922e-07  -2.3392134e-09            3.1634608e-07  2.0877476e-09            3.1700704e-07  -5.8589745e-10            
3.1947922e-07  -2.3321553e-09            3.1829884e-07  1.9404224e-09            3.1896387e-07  -4.8580661e-10            
3.2143921e-07  -2.361189e-09            3.2025159e-07  1.9243821e-09            3.209207e-07  -7.7930883e-10            
3.2339921e-07  -2.5533742e-09            3.2220434e-07  1.7982274e-09            3.2287754e-07  -5.8869409e-10            
3.253592e-07  -2.3486078e-09            3.241571e-07  1.7441149e-09            3.2483437e-07  -7.4940857e-10            
3.273192e-07  -2.5717678e-09            3.2610985e-07  1.8155834e-09            3.267912e-07  -7.8590027e-10            
3.292792e-07  -2.5626339e-09            3.2806261e-07  1.6680208e-09            3.2874804e-07  -9.4793302e-10            
3.3123919e-07  -2.5536326e-09            3.3001536e-07  1.676686e-09            3.3070487e-07  -8.8662681e-10            
3.3319919e-07  -2.5445027e-09            3.3196811e-07  1.6852819e-09            3.326617e-07  -8.2458952e-10            
3.3515918e-07  -2.5354975e-09            3.3392087e-07  1.7871459e-09            3.3461854e-07  -6.6788394e-10            
3.3711918e-07  -2.5263714e-09            3.3587362e-07  2.0699011e-09            3.3657537e-07  -4.8725135e-10            
3.3907917e-07  -2.5587739e-09            3.3782637e-07  2.2763083e-09            3.385322e-07  -5.4561455e-10            
3.4103917e-07  -2.7608854e-09            3.3977913e-07  2.284904e-09            3.4048904e-07  -2.6862518e-10            
3.4299916e-07  -2.71817e-09            3.4173188e-07  2.3865783e-09            3.4244587e-07  -2.0652372e-10            
3.4495916e-07  -2.5456612e-09            3.4368463e-07  2.4588866e-09            3.444027e-07  -1.4593403e-10            
3.4691915e-07  -2.4933221e-09            3.4563739e-07  2.3108306e-09            3.4635954e-07  -1.8606226e-10            
3.4887915e-07  -2.5305208e-09            3.4759014e-07  2.2265596e-09            3.4831637e-07  -3.4120931e-10            
3.5083914e-07  -2.4629577e-09            3.4954289e-07  2.0784893e-09            3.5027321e-07  -3.8327688e-10            
3.5279914e-07  -2.4679976e-09            3.5149565e-07  2.0626145e-09            3.5223004e-07  -6.3748503e-10            
3.5475913e-07  -2.477325e-09            3.534484e-07  2.0297635e-09            3.5418687e-07  -5.8413626e-10            
3.5671913e-07  -2.2644416e-09            3.5540116e-07  1.9458332e-09            3.5614371e-07  -2.0191429e-10            
3.5867912e-07  -2.2391602e-09            3.5735391e-07  1.7729897e-09            3.5810054e-07  -4.5675242e-10            
3.6063912e-07  -2.4175824e-09            3.5930666e-07  1.8326021e-09            3.6005737e-07  -5.0212234e-10            
3.6259911e-07  -2.4085533e-09            3.6125942e-07  1.9982331e-09            3.6201421e-07  -3.3791794e-10            
3.6455911e-07  -2.3521719e-09            3.6321217e-07  2.0068281e-09            3.6397104e-07  -3.8159421e-10            
3.665191e-07  -2.2128193e-09            3.6516492e-07  1.9231353e-09            3.6592787e-07  -2.1803629e-10            
3.684791e-07  -2.381319e-09            3.6711768e-07  1.8669344e-09            3.6788471e-07  -3.664369e-10            
3.7043909e-07  -2.372284e-09            3.6907043e-07  2.0327553e-09            3.6984154e-07  -3.0585457e-10            
3.7239909e-07  -2.3632059e-09            3.7102318e-07  2.0413502e-09            3.7179837e-07  -2.4545115e-10            
3.7435908e-07  -2.3542159e-09            3.7297594e-07  1.9578473e-09            3.7375521e-07  -1.8414305e-10            
3.7631908e-07  -2.3450755e-09            3.7492869e-07  1.9012667e-09            3.7571204e-07  -1.2202632e-10            
3.7827908e-07  -2.3360836e-09            3.7688145e-07  1.9752033e-09            3.7766888e-07  -6.2346975e-11            
3.8023907e-07  -2.3269451e-09            3.788342e-07  1.826326e-09            3.7962571e-07  -3.3891268e-12            
3.8219907e-07  -2.3436561e-09            3.8078695e-07  1.8349357e-09            3.8158254e-07  1.682451e-10            
3.8415906e-07  -2.4683152e-09            3.8273971e-07  1.935599e-09            3.8353938e-07  3.2185114e-10            
3.8611906e-07  -2.6153036e-09            3.8469246e-07  2.2180766e-09            3.8549621e-07  6.7849865e-11            
3.8807905e-07  -2.606307e-09            3.8664521e-07  2.5422013e-09            3.8745304e-07  3.7788993e-11            
3.9003905e-07  -2.5465658e-09            3.8859797e-07  2.7501692e-09            3.8940988e-07  4.1270367e-10            
3.9199904e-07  -2.3905756e-09            3.9055072e-07  2.6669416e-09            3.9136671e-07  6.7491507e-10            
3.9395904e-07  -2.3835539e-09            3.9250347e-07  2.517827e-09            3.9332354e-07  7.3549195e-10            
3.9591903e-07  -2.3766635e-09            3.9445623e-07  2.5264787e-09            3.9528038e-07  6.8125008e-10            
3.9787903e-07  -2.4207864e-09            3.9640898e-07  2.4191925e-09            3.9723721e-07  5.4246419e-10            
3.9983902e-07  -2.5519545e-09            3.9836173e-07  2.2281645e-09            3.9919404e-07  4.8562086e-10            
4.0179902e-07  -2.6294877e-09            4.0031449e-07  2.2368162e-09            4.0115088e-07  2.3044176e-10            
4.0375901e-07  -2.849387e-09            4.0226724e-07  2.2212471e-09            4.0310771e-07  9.2234897e-11            
4.0571901e-07  -2.8403104e-09            4.0422e-07  2.2122924e-09            4.0506454e-07  2.7199867e-10            
4.07679e-07  -2.8312528e-09            4.0617275e-07  2.2626866e-09            4.0702138e-07  5.2802484e-10            
4.09639e-07  -2.8616624e-09            4.081255e-07  2.1558614e-09            4.0897821e-07  7.0822939e-10            
4.1159899e-07  -2.8600681e-09            4.1007826e-07  1.9644149e-09            4.1093505e-07  9.645214e-10            
4.1355899e-07  -2.5879606e-09            4.1203101e-07  1.973024e-09            4.1289188e-07  1.0250296e-09            
4.1551898e-07  -2.5309095e-09            4.1398376e-07  1.9575519e-09            4.1484871e-07  1.0856009e-09            
4.1747898e-07  -2.6405757e-09            4.1593652e-07  1.9242979e-09            4.1680555e-07  1.1460048e-09            
4.1943897e-07  -2.6294517e-09            4.1788927e-07  1.9329653e-09            4.1876238e-07  1.2065133e-09            
4.2139897e-07  -2.6182214e-09            4.1984202e-07  1.8504282e-09            4.2071921e-07  1.267083e-09            
4.2335897e-07  -2.6070955e-09            4.2179478e-07  1.7915693e-09            4.2267605e-07  1.3266723e-09            
4.2531896e-07  -2.595867e-09            4.2374753e-07  1.8677842e-09            4.2463288e-07  1.3867424e-09            
4.2727896e-07  -2.5847392e-09            4.2570029e-07  1.7178471e-09            4.2658971e-07  1.4485665e-09            
4.2923895e-07  -2.5735127e-09            4.2765304e-07  1.8173558e-09            4.2854655e-07  1.6338291e-09            
4.3119895e-07  -2.5115986e-09            4.2960579e-07  1.9177838e-09            4.3050338e-07  2.0100501e-09            
4.3315894e-07  -2.45138e-09            4.3155855e-07  1.9004937e-09            4.3246021e-07  2.2612663e-09            
4.3511894e-07  -2.5530516e-09            4.335113e-07  2.043845e-09            4.3441705e-07  2.0667553e-09            
4.3707893e-07  -2.4900323e-09            4.3546405e-07  2.0105034e-09            4.3637388e-07  1.7511281e-09            
4.3903893e-07  -2.4280896e-09            4.3741681e-07  2.0190965e-09            4.3833072e-07  1.8116418e-09            
4.4099892e-07  -2.532229e-09            4.3936956e-07  2.0517255e-09            4.4028755e-07  1.8722063e-09            
4.4295892e-07  -2.5252313e-09            4.4132231e-07  2.1023448e-09            4.4224438e-07  1.8027315e-09            
4.4491891e-07  -2.5677578e-09            -          -              4.4420122e-07  1.8081869e-09            
4.4687891e-07  -2.6007735e-09            -          -              4.4615805e-07  1.9235881e-09            
4.488389e-07  -2.5533163e-09            -          -              4.4811488e-07  1.931831e-09            
4.507989e-07  -2.6317807e-09            -          -              4.5007172e-07  2.0434774e-09            
4.5275889e-07  -2.622778e-09            -          -              4.5202855e-07  2.0541004e-09            
4.5471889e-07  -2.5657838e-09            -          -              4.5398538e-07  2.2958466e-09            
4.5667888e-07  -2.5243169e-09            -          -              4.5594222e-07  2.4904369e-09            
4.5863888e-07  -2.5956165e-09            -          -              4.5789905e-07  2.5976731e-09            
4.6059887e-07  -2.5137652e-09            -          -              4.5985588e-07  2.6127152e-09            
4.6255887e-07  -2.4577639e-09            -          -              4.6181272e-07  2.8534235e-09            
4.6451886e-07  -2.5222236e-09            -          -              4.6376955e-07  2.9128114e-09            
4.6647886e-07  -2.4105704e-09            -          -              4.6572638e-07  2.8358367e-09            
4.6843885e-07  -2.4288916e-09            -          -              4.6768322e-07  2.7193344e-09            
4.7039885e-07  -2.5412585e-09            -          -              4.6964005e-07  2.7798913e-09            
4.7235885e-07  -2.5321839e-09            -          -              4.7159689e-07  2.8404149e-09            
4.7431884e-07  -2.439784e-09            -          -              4.7355372e-07  2.9009698e-09            
4.7627884e-07  -2.3054233e-09            -          -              -          -              
4.7823883e-07  -2.2942207e-09            -          -              -          -              
4.8019883e-07  -2.2405536e-09            -          -              -          -              
4.8215882e-07  -2.1712968e-09            -          -              -          -              
4.8411882e-07  -2.2537107e-09            -          -              -          -              
4.8607881e-07  -2.4133144e-09            -          -              -          -              
4.8803881e-07  -2.5000208e-09            -          -              -          -              
4.899988e-07  -2.5029776e-09            -          -              -          -              
4.919588e-07  -2.539618e-09            -          -              -          -              
4.9391879e-07  -2.6986362e-09            -          -              -          -              
4.9587879e-07  -2.7389466e-09            -          -              -          -              
