Profile 1             Profile 2             Profile 3             
x       y           x       y           x       y           
[m]     [m]         [m]     [m]         [m]     [m]         
0  -1.7338549e-09            0  2.2901049e-09            0  1.8302874e-09            
1.956377e-09  -1.8214345e-09            1.9554608e-09  2.2087885e-09            1.9574314e-09  1.7120592e-09            
3.9127539e-09  -1.8286942e-09            3.9109216e-09  2.201273e-09            3.9148628e-09  1.884126e-09            
5.8691309e-09  -1.8199581e-09            5.8663824e-09  2.1103207e-09            5.8722942e-09  1.7199867e-09            
7.8255078e-09  -1.811254e-09            7.8218432e-09  1.9284774e-09            7.8297256e-09  1.615695e-09            
9.7818848e-09  -1.8025081e-09            9.777304e-09  1.910309e-09            9.7871571e-09  1.5971091e-09            
1.1738262e-08  -1.8747269e-09            1.1732765e-08  1.9190982e-09            1.1744588e-08  1.6930073e-09            
1.3694639e-08  -1.9757888e-09            1.3688226e-08  1.9280492e-09            1.370202e-08  1.5998171e-09            
1.5651016e-08  -1.9819117e-09            1.5643686e-08  1.7484625e-09            1.5659451e-08  1.5414288e-09            
1.7607393e-08  -2.2500197e-09            1.7599147e-08  1.7271219e-09            1.7616883e-08  1.5228687e-09            
1.956377e-08  -2.2821498e-09            1.9554608e-08  1.6489364e-09            1.9574314e-08  1.5043086e-09            
2.1520147e-08  -2.2733515e-09            2.1510069e-08  1.6458754e-09            2.1531746e-08  1.4857485e-09            
2.3476523e-08  -2.1663514e-09            2.346553e-08  1.574863e-09            2.3489177e-08  1.4671884e-09            
2.54329e-08  -2.2423576e-09            2.542099e-08  1.5752498e-09            2.5446608e-08  1.4485653e-09            
2.7389277e-08  -2.1486042e-09            2.7376451e-08  1.6621411e-09            2.740404e-08  1.4299861e-09            
2.9345654e-08  -2.1264413e-09            2.9331912e-08  1.6812168e-09            2.9361471e-08  1.553015e-09            
3.1302031e-08  -2.1176944e-09            3.1287373e-08  1.6899972e-09            3.1318903e-08  1.5828726e-09            
3.3258408e-08  -2.2082742e-09            3.3242834e-08  1.6989504e-09            3.3276334e-08  1.9035851e-09            
3.5214785e-08  -2.0303503e-09            3.5198294e-08  1.7077536e-09            3.5233765e-08  1.7486661e-09            
3.7171162e-08  -1.9983613e-09            3.7153755e-08  1.716668e-09            3.7191197e-08  1.8976216e-09            
3.9127539e-08  -1.989614e-09            3.9109216e-08  1.7255053e-09            3.9148628e-08  1.7101417e-09            
4.1083916e-08  -1.8809432e-09            4.1064677e-08  1.5115475e-09            4.110606e-08  1.6175855e-09            
4.3040293e-08  -1.8601558e-09            4.3020138e-08  1.4895743e-09            4.3063491e-08  1.6845173e-09            
4.499667e-08  -1.8513536e-09            4.4975598e-08  1.4410834e-09            4.5020922e-08  1.6049151e-09            
4.6953047e-08  -1.8427061e-09            4.6931059e-08  1.4433141e-09            4.6978354e-08  1.5618942e-09            
4.8909424e-08  -1.8340792e-09            4.888652e-08  1.4521157e-09            4.8935785e-08  1.2962437e-09            
5.0865801e-08  -1.8252761e-09            5.0841981e-08  1.5086079e-09            5.0893217e-08  1.2071512e-09            
5.2822178e-08  -1.8166296e-09            5.2797441e-08  1.4751761e-09            5.2850648e-08  1.0158758e-09            
5.4778555e-08  -1.8079402e-09            5.4752902e-08  1.4786526e-09            5.4808079e-08  1.121791e-09            
5.6734932e-08  -2.0866766e-09            5.6708363e-08  1.4471127e-09            5.6765511e-08  9.015646e-10            
5.8691309e-08  -2.1080632e-09            5.8663824e-08  1.492099e-09            5.8722942e-08  8.8501539e-10            
6.0647686e-08  -2.099418e-09            6.0619285e-08  1.5051894e-09            6.0680374e-08  1.065808e-09            
6.2604063e-08  -2.090791e-09            6.2574745e-08  1.5474948e-09            6.2637805e-08  1.0957395e-09            
6.456044e-08  -2.1842571e-09            6.4530206e-08  1.8128405e-09            6.4595237e-08  1.0770647e-09            
6.6516817e-08  -2.0830735e-09            6.6485667e-08  1.8494139e-09            6.6552668e-08  1.0584746e-09            
6.8473193e-08  -2.2525486e-09            6.8441128e-08  1.8581943e-09            6.8510099e-08  7.8601046e-10            
7.042957e-08  -2.0730337e-09            7.0396589e-08  2.1308428e-09            7.0467531e-08  9.5840885e-10            
7.2385947e-08  -2.0472648e-09            7.2352049e-08  1.9034176e-09            7.2424962e-08  6.9206226e-10            
7.4342324e-08  -2.0384578e-09            7.430751e-08  1.8847312e-09            7.4382394e-08  9.0983043e-10            
7.6298701e-08  -2.0298152e-09            7.6262971e-08  1.8936894e-09            7.6339825e-08  7.0902387e-10            
7.8255078e-08  -2.0211883e-09            7.8218432e-08  1.8884065e-09            7.8297256e-08  8.8692145e-10            
8.0211455e-08  -2.0123803e-09            8.0173893e-08  1.6208359e-09            8.0254688e-08  9.285539e-10            
8.2167832e-08  -1.8133303e-09            8.2129353e-08  1.6025564e-09            8.2212119e-08  6.9600389e-10            
8.4124209e-08  -1.7895502e-09            8.4084814e-08  1.6115156e-09            8.4169551e-08  6.2600832e-10            
8.6080586e-08  -1.9718932e-09            8.6040275e-08  1.6203129e-09            8.6126982e-08  5.6413611e-10            
8.8036963e-08  -1.977662e-09            8.7995736e-08  1.6292714e-09            8.8084413e-08  5.366258e-10            
8.999334e-08  -2.0735523e-09            8.9951197e-08  1.6380694e-09            9.0041845e-08  2.5660992e-10            
9.1949717e-08  -2.2645219e-09            9.1906657e-08  1.6468497e-09            9.1999276e-08  1.8184762e-10            
9.3906094e-08  -1.9717385e-09            9.3862118e-08  1.65581e-09            9.3956708e-08  4.2622898e-10            
9.5862471e-08  -2.1355783e-09            9.5817579e-08  1.3802605e-09            9.5914139e-08  4.623672e-10            
9.7818848e-08  -1.9464876e-09            9.777304e-08  1.64939e-09            9.7871571e-08  4.4380508e-10            
9.9775225e-08  -1.8198751e-09            9.9728501e-08  1.9622628e-09            9.9829002e-08  4.252467e-10            
1.017316e-07  -1.8045721e-09            1.0168396e-07  1.9919547e-09            1.0178643e-07  1.6371808e-10            
1.0368798e-07  -1.6017007e-09            1.0363942e-07  2.0161466e-09            1.0374386e-07  3.4079544e-10            
1.0564436e-07  -1.5817446e-09            1.0559488e-07  2.0263915e-09            1.057013e-07  1.0248202e-10            
1.0760073e-07  -1.7678539e-09            1.0755034e-07  2.0353534e-09            1.0765873e-07  4.9208099e-11            
1.0955711e-07  -1.9648739e-09            1.095058e-07  1.7493265e-09            1.0961616e-07  1.726194e-11            
1.1151349e-07  -2.0732248e-09            1.1146127e-07  1.7354364e-09            1.1157359e-07  -2.6155142e-10            
1.1346986e-07  -2.0700303e-09            1.1341673e-07  1.7134835e-09            1.1353102e-07  -5.990528e-10            
1.1542624e-07  -2.1683447e-09            1.1537219e-07  1.4879481e-09            1.1548845e-07  -4.0437163e-10            
1.1738262e-07  -2.1647711e-09            1.1732765e-07  1.4468731e-09            1.1744588e-07  -3.7277404e-10            
1.1933899e-07  -2.1559566e-09            1.1928311e-07  1.4532504e-09            1.1940332e-07  -3.934041e-10            
1.2129537e-07  -2.1473215e-09            1.2123857e-07  1.462042e-09            1.2136075e-07  -4.1475037e-10            
1.2325175e-07  -2.1386945e-09            1.2319403e-07  1.7248642e-09            1.2331818e-07  -4.3311932e-10            
1.2520813e-07  -2.129879e-09            1.2514949e-07  1.748114e-09            1.2527561e-07  -1.7737799e-10            
1.271645e-07  -2.1212449e-09            1.2710495e-07  1.7543545e-09            1.2723304e-07  -1.6007333e-10            
1.2912088e-07  -2.112618e-09            1.2906041e-07  1.5132774e-09            1.2919047e-07  -4.5783365e-10            
1.3107726e-07  -2.1038015e-09            1.3101587e-07  1.5063353e-09            1.311479e-07  -5.2148953e-10            
1.3303363e-07  -2.2943498e-09            1.3297133e-07  1.5151157e-09            1.3310534e-07  -5.2767947e-10            
1.3499001e-07  -2.4008411e-09            1.3492679e-07  1.5240808e-09            1.3506277e-07  -5.6178786e-10            
1.3694639e-07  -2.2862234e-09            1.3688226e-07  1.5328721e-09            1.370202e-07  -5.8571624e-10            
1.3890276e-07  -2.0742583e-09            1.3883772e-07  1.6061961e-09            1.3897763e-07  -5.844503e-10            
1.4085914e-07  -2.0602737e-09            1.4079318e-07  1.6213548e-09            1.4093506e-07  -3.2038089e-10            
1.4281552e-07  -2.0516421e-09            1.4274864e-07  1.8644716e-09            1.4289249e-07  -3.0074479e-10            
1.4477189e-07  -2.2442483e-09            1.447041e-07  1.6566945e-09            1.4484992e-07  -3.1930489e-10            
1.4672827e-07  -2.0379917e-09            1.4665956e-07  1.5810558e-09            1.4680736e-07  -3.7058365e-10            
1.4868465e-07  -2.2276071e-09            1.4861502e-07  1.5859458e-09            1.4876479e-07  -6.4309756e-10            
1.5064103e-07  -2.0200522e-09            1.5057048e-07  1.3724541e-09            1.5072222e-07  -7.3049393e-10            
1.525974e-07  -2.3215217e-09            1.5252594e-07  1.2901907e-09            1.5267965e-07  -7.1608596e-10            
1.5455378e-07  -2.3169832e-09            1.544814e-07  1.2949907e-09            1.5463708e-07  -7.297931e-10            
1.5651016e-07  -2.197303e-09            1.5643686e-07  1.3037711e-09            1.5659451e-07  -7.483532e-10            
1.5846653e-07  -1.9837843e-09            1.5839232e-07  1.3127389e-09            1.5855194e-07  -1.0525673e-09            
1.6042291e-07  -1.9734124e-09            1.6034779e-07  1.532419e-09            1.6050938e-07  -1.1031577e-09            
1.6237929e-07  -1.9645907e-09            1.6230325e-07  1.6439703e-09            1.6246681e-07  -1.1217212e-09            
1.6433566e-07  -1.9559628e-09            1.6425871e-07  1.9620975e-09            1.6442424e-07  -8.5267553e-10            
1.6629204e-07  -1.9473358e-09            1.6621417e-07  1.983244e-09            1.6638167e-07  -1.1296048e-09            
1.6824842e-07  -2.2561479e-09            1.6816963e-07  2.0965578e-09            1.683391e-07  -8.8841678e-10            
1.702048e-07  -2.0421472e-09            1.7012509e-07  2.1121282e-09            1.7029653e-07  -8.7842631e-10            
1.7216117e-07  -2.1259796e-09            1.7208055e-07  2.0136835e-09            1.7225396e-07  -1.1873484e-09            
1.7411755e-07  -1.9124365e-09            1.7403601e-07  1.9060212e-09            1.742114e-07  -9.4207148e-10            
1.7607393e-07  -1.9038092e-09            1.7599147e-07  1.7162628e-09            1.7616883e-07  -1.0064446e-09            
1.780303e-07  -1.8951125e-09            1.7794693e-07  1.7188221e-09            1.7812626e-07  -9.5915267e-10            
1.7998668e-07  -1.8843413e-09            1.7990239e-07  1.4195265e-09            1.8008369e-07  -1.0490495e-09            
1.8194306e-07  -1.6722349e-09            1.8185785e-07  1.4188946e-09            1.8204112e-07  -9.9633635e-10            
1.8389943e-07  -1.6677158e-09            1.8381331e-07  1.4276749e-09            1.8399855e-07  -1.3029701e-09            
1.8585581e-07  -1.9724047e-09            1.8576878e-07  1.2565607e-09            1.8595598e-07  -1.3445811e-09            
1.8781219e-07  -1.9637756e-09            1.8772424e-07  1.2633124e-09            1.8791342e-07  -1.6590195e-09            
1.8976856e-07  -1.9587501e-09            1.896797e-07  1.4501244e-09            1.8987085e-07  -1.3109785e-09            
1.9172494e-07  -2.1516988e-09            1.9163516e-07  1.4631879e-09            1.9182828e-07  -1.393861e-09            
1.9368132e-07  -2.1430718e-09            1.9359062e-07  1.6124237e-09            1.9378571e-07  -1.4188786e-09            
1.956377e-07  -2.1344403e-09            1.9554608e-07  1.7949446e-09            1.9574314e-07  -1.2390632e-09            
1.9759407e-07  -2.1256222e-09            1.9750154e-07  1.8073067e-09            1.9770057e-07  -1.4440483e-09            
1.9955045e-07  -2.1140252e-09            1.99457e-07  1.9791499e-09            1.99658e-07  -1.4745589e-09            
2.0150683e-07  -1.9993293e-09            2.0141246e-07  1.9883322e-09            2.0161544e-07  -1.493119e-09            
2.034632e-07  -2.0995456e-09            2.0336792e-07  1.8364728e-09            2.0357287e-07  -1.5116791e-09            
2.0541958e-07  -2.0973792e-09            2.0532338e-07  1.8427296e-09            2.055303e-07  -1.4156323e-09            
2.0737596e-07  -2.2807844e-09            2.0727884e-07  1.85151e-09            2.0748773e-07  -1.5431719e-09            
2.0933233e-07  -2.0773707e-09            2.0923431e-07  1.709773e-09            2.0944516e-07  -1.8709431e-09            
2.1128871e-07  -2.1769588e-09            2.1118977e-07  1.5712519e-09            2.1140259e-07  -1.9036072e-09            
2.1324509e-07  -2.1682098e-09            2.1314523e-07  1.4150578e-09            2.1336002e-07  -1.9221673e-09            
2.1520147e-07  -2.1677525e-09            2.1510069e-07  1.5680686e-09            2.1531746e-07  -1.9407274e-09            
2.1715784e-07  -2.3477378e-09            2.1705615e-07  1.5783099e-09            2.1727489e-07  -1.9592875e-09            
2.1911422e-07  -2.1372952e-09            2.1901161e-07  1.5870917e-09            2.1923232e-07  -1.9778476e-09            
2.210706e-07  -2.0213159e-09            2.2096707e-07  1.5958721e-09            2.2118975e-07  -1.9965121e-09            
2.2302697e-07  -2.0126798e-09            2.2292253e-07  1.6048474e-09            2.2314718e-07  -2.0150738e-09            
2.2498335e-07  -2.0038662e-09            2.2487799e-07  1.6136285e-09            2.2510461e-07  -2.0336322e-09            
2.2693973e-07  -1.9952359e-09            2.2683345e-07  1.6225254e-09            2.2706204e-07  -1.7425087e-09            
2.288961e-07  -1.9865367e-09            2.2878891e-07  1.631385e-09            2.2901947e-07  -1.602651e-09            
2.3085248e-07  -1.9777897e-09            2.3074437e-07  1.5173113e-09            2.3097691e-07  -1.7684892e-09            
2.3280886e-07  -1.969152e-09            2.3269983e-07  1.528907e-09            2.3293434e-07  -1.7902764e-09            
2.3476523e-07  -1.96034e-09            2.346553e-07  1.5398162e-09            2.3489177e-07  -1.8089307e-09            
2.3672161e-07  -1.9517131e-09            2.3661076e-07  1.3492103e-09            2.368492e-07  -1.990325e-09            
2.3867799e-07  -1.9430744e-09            2.3856622e-07  1.3579913e-09            2.3880663e-07  -2.013997e-09            
2.4063437e-07  -1.9342635e-09            2.4052168e-07  1.3668997e-09            2.4076406e-07  -2.1807728e-09            
2.4259074e-07  -1.9256365e-09            2.4247714e-07  1.3773235e-09            2.4272149e-07  -2.2007646e-09            
2.4454712e-07  -1.9169969e-09            2.444326e-07  1.5981536e-09            2.4467893e-07  -2.2193247e-09            
2.465035e-07  -1.9218304e-09            2.4638806e-07  1.6096926e-09            2.4663636e-07  -1.9214246e-09            
2.4845987e-07  -2.0985805e-09            2.4834352e-07  1.6189013e-09            2.4859379e-07  -1.938953e-09            
2.5041625e-07  -2.0173817e-09            2.5029898e-07  1.4110667e-09            2.5055122e-07  -1.9575131e-09            
2.5237263e-07  -2.199784e-09            2.5225444e-07  1.418803e-09            2.5250865e-07  -1.9760732e-09            
2.54329e-07  -2.1909753e-09            2.542099e-07  1.3415693e-09            2.5446608e-07  -1.9946333e-09            
2.5628538e-07  -2.1669805e-09            2.5616536e-07  1.5823036e-09            2.5642351e-07  -2.0156014e-09            
2.5824176e-07  -1.9838502e-09            2.5812083e-07  1.7679652e-09            2.5838095e-07  -2.3493217e-09            
2.6019814e-07  -2.1648987e-09            2.6007629e-07  2.0095696e-09            2.6033838e-07  -2.3680013e-09            
2.6215451e-07  -2.1562562e-09            2.6203175e-07  2.1040478e-09            2.6229581e-07  -2.3837252e-09            
2.6411089e-07  -2.1474491e-09            2.6398721e-07  2.3502882e-09            2.6425324e-07  -2.199088e-09            
2.6606727e-07  -2.1388222e-09            2.6594267e-07  2.4279696e-09            2.6621067e-07  -2.1060621e-09            
2.6802364e-07  -2.1301786e-09            2.6789813e-07  2.1260502e-09            2.681681e-07  -2.1203059e-09            
2.6998002e-07  -2.1116777e-09            2.6985359e-07  2.1289376e-09            2.7012553e-07  -1.9283642e-09            
2.719364e-07  -2.0104367e-09            2.7180905e-07  1.8845077e-09            2.7208297e-07  -1.8441823e-09            
2.7389277e-07  -2.0940389e-09            2.7376451e-07  1.5810005e-09            2.740404e-07  -1.8627424e-09            
2.7584915e-07  -1.9831683e-09            2.7571997e-07  1.5941056e-09            2.7599783e-07  -1.878474e-09            
2.7780553e-07  -1.9744786e-09            2.7767543e-07  1.8526559e-09            2.7795526e-07  -1.8088908e-09            
2.797619e-07  -1.9658397e-09            2.7963089e-07  1.861442e-09            2.7991269e-07  -1.9108779e-09            
2.8171828e-07  -1.9372807e-09            2.8158635e-07  1.8704123e-09            2.8187012e-07  -1.7078972e-09            
2.8367466e-07  -1.7429047e-09            2.8354182e-07  1.8791927e-09            2.8382755e-07  -1.7324624e-09            
2.8563104e-07  -1.7342709e-09            2.8549728e-07  1.8790638e-09            2.8578499e-07  -1.9614271e-09            
2.8758741e-07  -1.746406e-09            2.8745274e-07  1.6225029e-09            2.8774242e-07  -1.6885922e-09            
2.8954379e-07  -1.933868e-09            2.894082e-07  1.5882376e-09            2.8969985e-07  -2.011419e-09            
2.9150017e-07  -2.0472013e-09            2.9136366e-07  1.6071689e-09            2.9165728e-07  -2.0447696e-09            
2.9345654e-07  -2.2224369e-09            2.9331912e-07  1.8868095e-09            2.9361471e-07  -2.3505969e-09            
2.9541292e-07  -2.2138025e-09            2.9527458e-07  1.8983122e-09            2.9557214e-07  -2.0670993e-09            
2.973693e-07  -2.2051e-09            2.9723004e-07  1.8985204e-09            2.9752957e-07  -2.0687992e-09            
2.9932567e-07  -2.1963526e-09            2.991855e-07  1.632514e-09            2.9948701e-07  -1.7865708e-09            
3.0128205e-07  -2.164432e-09            3.0114096e-07  1.6413113e-09            3.0144444e-07  -1.7903744e-09            
3.0323843e-07  -1.9606697e-09            3.0309642e-07  1.6511072e-09            3.0340187e-07  -1.5638997e-09            
3.0519481e-07  -1.8527079e-09            3.0505188e-07  1.6786463e-09            3.053593e-07  -1.576281e-09            
3.0715118e-07  -1.8439609e-09            3.0700735e-07  1.6541363e-09            3.0731673e-07  -1.5433124e-09            
3.0910756e-07  -1.8487037e-09            3.0896281e-07  1.3884364e-09            3.0927416e-07  -1.5651314e-09            
3.1106394e-07  -1.9388127e-09            3.1091827e-07  1.6856046e-09            3.1123159e-07  -1.6238112e-09            
3.1302031e-07  -1.9690792e-09            3.1287373e-07  1.6787539e-09            3.1318903e-07  -1.618272e-09            
3.1497669e-07  -2.2388788e-09            3.1482919e-07  1.3856734e-09            3.1514646e-07  -1.897196e-09            
3.1693307e-07  -2.2302519e-09            3.1678465e-07  1.3942405e-09            3.1710389e-07  -1.9509132e-09            
3.1888944e-07  -2.2479114e-09            3.1874011e-07  1.4018789e-09            3.1906132e-07  -1.9369138e-09            
3.2084582e-07  -2.432842e-09            3.2069557e-07  1.4122102e-09            3.2101875e-07  -1.9357343e-09            
3.228022e-07  -2.507048e-09            3.2265103e-07  1.4210014e-09            3.2297618e-07  -1.6943828e-09            
3.2475857e-07  -2.4009098e-09            3.2460649e-07  1.4299667e-09            3.2493361e-07  -1.7353317e-09            
3.2671495e-07  -2.3645427e-09            3.2656195e-07  1.4392824e-09            3.2689105e-07  -1.729077e-09            
3.2867133e-07  -2.1780893e-09            3.2851741e-07  1.4588632e-09            3.2884848e-07  -1.7476371e-09            
3.3062771e-07  -2.1693852e-09            3.3047287e-07  1.4565035e-09            3.3080591e-07  -1.7661972e-09            
3.3258408e-07  -2.1606491e-09            3.3242834e-07  1.4663433e-09            3.3276334e-07  -1.7847582e-09            
3.3454046e-07  -2.1361451e-09            3.343838e-07  1.4941744e-09            3.3472077e-07  -1.8033255e-09            
3.3649684e-07  -2.0016954e-09            3.3633926e-07  1.5242958e-09            3.366782e-07  -1.8208865e-09            
3.3845321e-07  -1.8169931e-09            3.3829472e-07  1.8111366e-09            3.3863563e-07  -1.8336295e-09            
3.4040959e-07  -1.8082579e-09            3.4025018e-07  1.8463125e-09            3.4059307e-07  -1.8905242e-09            
3.4236597e-07  -1.7692033e-09            3.4220564e-07  1.8579547e-09            3.425505e-07  -2.1932648e-09            
3.4432234e-07  -1.6161782e-09            3.441611e-07  1.8694481e-09            3.4450793e-07  -2.1804457e-09            
3.4627872e-07  -1.7821813e-09            3.4611656e-07  1.8809358e-09            3.4646536e-07  -1.9148716e-09            
3.482351e-07  -1.8221349e-09            3.4807202e-07  1.8925731e-09            3.4842279e-07  -1.93343e-09            
3.5019148e-07  -2.0824087e-09            3.5002748e-07  1.9011141e-09            3.5038022e-07  -1.9509659e-09            
3.5214785e-07  -2.1058317e-09            3.5198294e-07  1.8713767e-09            3.5233765e-07  -1.9238232e-09            
3.5410423e-07  -2.270447e-09            3.539384e-07  1.8803386e-09            3.5429509e-07  -1.6714265e-09            
3.5606061e-07  -2.2796162e-09            3.5589386e-07  1.8653857e-09            3.5625252e-07  -1.6545686e-09            
3.5801698e-07  -2.3651966e-09            3.5784933e-07  1.5804074e-09            3.5820995e-07  -1.4089214e-09            
3.5997336e-07  -2.3564911e-09            3.5980479e-07  1.5892028e-09            3.6016738e-07  -1.3707505e-09            
3.6192974e-07  -2.3292839e-09            3.6176025e-07  1.5936556e-09            3.6212481e-07  -1.1469935e-09            
3.6388611e-07  -2.1927597e-09            3.6371571e-07  1.5514165e-09            3.6408224e-07  -1.3814453e-09            
3.6584249e-07  -1.9939687e-09            3.6567117e-07  1.6413507e-09            3.6603967e-07  -1.1437294e-09            
3.6779887e-07  -1.9110006e-09            3.6762663e-07  1.9422086e-09            3.6799711e-07  -1.0949539e-09            
3.6975524e-07  -2.0305528e-09            3.6958209e-07  1.9511687e-09            3.6995454e-07  -8.6723578e-10            
3.7171162e-07  -2.1920987e-09            3.7153755e-07  1.9599491e-09            3.7191197e-07  -8.8579588e-10            
3.73668e-07  -2.1475227e-09            3.7349301e-07  1.9687461e-09            3.738694e-07  -8.6067853e-10            
3.7562438e-07  -1.9692904e-09            3.7544847e-07  1.9568939e-09            3.7582683e-07  -6.4347106e-10            
3.7758075e-07  -1.9606286e-09            3.7740393e-07  1.7412409e-09            3.7778426e-07  -8.9347209e-10            
3.7953713e-07  -1.9518407e-09            3.7935939e-07  1.6850384e-09            3.7974169e-07  -9.1658557e-10            
3.8149351e-07  -1.9635435e-09            3.8131486e-07  1.7635864e-09            3.8169912e-07  -9.3230644e-10            
3.8344988e-07  -2.0466849e-09            3.8327032e-07  1.6955308e-09            3.8365656e-07  -7.2681023e-10            
3.8540626e-07  -2.0379418e-09            3.8522578e-07  1.7043163e-09            3.8561399e-07  -9.7701489e-10            
3.8736264e-07  -2.0675218e-09            3.8718124e-07  1.7131616e-09            3.8757142e-07  -7.6945718e-10            
3.8931901e-07  -2.2260022e-09            3.891367e-07  1.7010804e-09            3.8952885e-07  -7.8468692e-10            
3.9127539e-07  -2.2173381e-09            3.9109216e-07  1.5113937e-09            3.9148628e-07  -1.0217181e-09            
3.9323177e-07  -2.1477762e-09            3.9304762e-07  1.5229241e-09            3.9344371e-07  -7.7261737e-10            
3.9518815e-07  -1.8822379e-09            3.9500308e-07  1.5344128e-09            3.9540114e-07  -7.3990783e-10            
3.9714452e-07  -1.873611e-09            3.9695854e-07  1.5669755e-09            3.9735858e-07  -4.9209333e-10            
3.991009e-07  -1.8429358e-09            3.98914e-07  1.766361e-09            3.9931601e-07  -5.1065344e-10            
4.0105728e-07  -1.7440264e-09            4.0086946e-07  1.7751414e-09            4.0127344e-07  -5.2923796e-10            
4.0301365e-07  -1.735344e-09            4.0282492e-07  1.7839418e-09            4.0323087e-07  -5.4791736e-10            
4.0497003e-07  -1.7492614e-09            4.0478038e-07  1.8050326e-09            4.051883e-07  -5.6647574e-10            
4.0692641e-07  -1.8300848e-09            4.0673585e-07  1.9213336e-09            4.0714573e-07  -5.2963903e-10            
4.0888278e-07  -1.8634684e-09            4.0869131e-07  1.9198522e-09            4.0910316e-07  -2.2992801e-10            
4.1083916e-07  -2.0836433e-09            4.1064677e-07  1.7987901e-09            4.110606e-07  -2.6813602e-11            
4.1279554e-07  -2.3076482e-09            4.1260223e-07  1.6383945e-09            4.1301803e-07  -1.8511324e-10            
4.1475191e-07  -2.2250491e-09            -          -              4.1497546e-07  3.3971595e-11            
4.1670829e-07  -2.25976e-09            -          -              4.1693289e-07  2.7475708e-10            
4.1866467e-07  -2.3693499e-09            -          -              4.1889032e-07  2.560914e-10            
4.2062105e-07  -2.1749089e-09            -          -              4.2084775e-07  2.3753301e-10            
4.2257742e-07  -2.0781547e-09            -          -              4.2280518e-07  2.1897463e-10            
4.245338e-07  -2.069446e-09            -          -              4.2476262e-07  2.0041624e-10            
4.2649018e-07  -2.0607201e-09            -          -              4.2672005e-07  2.2101555e-10            
4.2844655e-07  -2.0520498e-09            -          -              4.2867748e-07  3.8415154e-10            
4.3040293e-07  -2.0182583e-09            -          -              4.3063491e-07  5.0124896e-10            
4.3235931e-07  -1.947652e-09            -          -              4.3259234e-07  6.6066193e-10            
4.3431568e-07  -2.0006021e-09            -          -              4.3454977e-07  8.0774102e-10            
4.3627206e-07  -1.9050568e-09            -          -              4.365072e-07  1.1074493e-09            
4.3822844e-07  -1.8491935e-09            -          -              4.3846464e-07  1.302512e-09            
4.4018482e-07  -1.6822523e-09            -          -              4.4042207e-07  1.1510201e-09            
4.4214119e-07  -1.6997127e-09            -          -              4.423795e-07  1.1934499e-09            
4.4409757e-07  -1.8251565e-09            -          -              4.4433693e-07  1.3227392e-09            
4.4605395e-07  -1.9736676e-09            -          -              4.4629436e-07  1.4700696e-09            
4.4801032e-07  -1.9917176e-09            -          -              4.4825179e-07  1.6026421e-09            
4.499667e-07  -2.1177406e-09            -          -              4.5020922e-07  1.7467584e-09            
4.5192308e-07  -2.2652621e-09            -          -              4.5216666e-07  1.845942e-09            
4.5387945e-07  -2.2565519e-09            -          -              4.5412409e-07  1.8992847e-09            
4.5583583e-07  -2.2478291e-09            -          -              4.5608152e-07  2.198981e-09            
4.5779221e-07  -2.239154e-09            -          -              4.5803895e-07  2.4611518e-09            
4.5974858e-07  -2.2303795e-09            -          -              4.5999638e-07  2.633149e-09            
4.6170496e-07  -2.2217525e-09            -          -              4.6195381e-07  2.8949151e-09            
4.6366134e-07  -2.2130764e-09            -          -              4.6391124e-07  3.0396542e-09            
4.6561772e-07  -2.2043029e-09            -          -              4.6586868e-07  3.1718019e-09            
4.6757409e-07  -2.1671147e-09            -          -              4.6782611e-07  3.3279214e-09            
4.6953047e-07  -2.0222012e-09            -          -              4.6978354e-07  3.4022312e-09            
4.7148685e-07  -1.8606839e-09            -          -              4.7174097e-07  3.3262991e-09            
4.7344322e-07  -1.8519117e-09            -          -              4.736984e-07  3.5472248e-09            
4.753996e-07  -1.7896009e-09            -          -              4.7565583e-07  3.6081095e-09            
4.7735598e-07  -1.6291424e-09            -          -              4.7761326e-07  3.9879112e-09            
4.7931235e-07  -1.620431e-09            -          -              4.795707e-07  4.4442161e-09            
4.8126873e-07  -1.6962717e-09            -          -              4.8152813e-07  4.5071953e-09            
4.8322511e-07  -1.9206686e-09            -          -              4.8348556e-07  4.8069254e-09            
4.8518149e-07  -1.9672908e-09            -          -              4.8544299e-07  4.9407803e-09            
4.8713786e-07  -2.1086235e-09            -          -              4.8740042e-07  4.7710909e-09            
4.8909424e-07  -2.0999966e-09            -          -              4.8935785e-07  5.0708548e-09            
4.9105062e-07  -2.0913159e-09            -          -              4.9131528e-07  5.3416866e-09            
4.9300699e-07  -2.084926e-09            -          -              4.9327272e-07  5.5079561e-09            
-          -              -          -              4.9523015e-07  5.6523718e-09            
-          -              -          -              4.9718758e-07  5.9520742e-09            
-          -              -          -              4.9914501e-07  6.1692309e-09            
