Profile 1             Profile 2             Profile 3             
x       y           x       y           x       y           
[m]     [m]         [m]     [m]         [m]     [m]         
0  -2.651311e-09            0  2.3587613e-09            0  2.1553022e-09            
1.9562626e-08  -2.3575865e-09            1.9535444e-08  2.4439294e-09            1.9554241e-08  2.1553638e-09            
3.9125252e-08  -2.3683949e-09            3.9070888e-08  2.2568943e-09            3.9108482e-08  2.0046879e-09            
5.8687878e-08  -2.3568104e-09            5.8606332e-08  2.328591e-09            5.8662724e-08  1.7465994e-09            
7.8250504e-08  -2.2876963e-09            7.8141776e-08  2.4154597e-09            7.8216965e-08  1.4862692e-09            
9.781313e-08  -2.4264074e-09            9.767722e-08  2.5094033e-09            9.7771206e-08  1.4178925e-09            
1.1737576e-07  -2.3975404e-09            1.1721266e-07  2.3205485e-09            1.1732545e-07  1.2334925e-09            
1.3693838e-07  -2.6813956e-09            1.3674811e-07  2.3923275e-09            1.3687969e-07  9.5124109e-10            
1.5650101e-07  -2.6052184e-09            1.5628355e-07  2.1968364e-09            1.5643393e-07  1.0991129e-09            
1.7606363e-07  -2.4574783e-09            1.75819e-07  2.5535223e-09            1.7598817e-07  8.5058006e-10            
1.9562626e-07  -2.5577648e-09            1.9535444e-07  2.3805468e-09            1.9554241e-07  6.574105e-10            
2.1518889e-07  -2.5399239e-09            2.1488988e-07  2.166246e-09            2.1509665e-07  6.6199746e-10            
2.3475151e-07  -2.2535244e-09            2.3442533e-07  2.2406573e-09            2.3465089e-07  3.7799421e-10            
2.5431414e-07  -2.5029021e-09            2.5396077e-07  2.3338883e-09            2.5420514e-07  3.6846491e-10            
2.7387676e-07  -2.7268606e-09            2.7349622e-07  2.4257544e-09            2.7375938e-07  2.2291389e-10            
2.9343939e-07  -2.5345939e-09            2.9303166e-07  2.8079591e-09            2.9331362e-07  3.7569326e-10            
3.1300202e-07  -2.5721091e-09            3.125671e-07  2.3453976e-09            3.1286786e-07  6.4237652e-11            
3.3256464e-07  -2.7387437e-09            3.3210255e-07  2.6851777e-09            3.324221e-07  -2.7335863e-11            
3.5212727e-07  -2.7511356e-09            3.5163799e-07  2.5110929e-09            3.5197634e-07  1.1610259e-10            
3.716899e-07  -2.6698967e-09            3.7117343e-07  2.0044791e-09            3.7153058e-07  -5.1042043e-11            
3.9125252e-07  -2.3858562e-09            3.9070888e-07  2.3438536e-09            3.9108482e-07  -3.6959592e-11            
4.1081515e-07  -2.411377e-09            4.1024432e-07  2.7469202e-09            4.1063907e-07  -1.9360566e-10            
4.3037777e-07  -2.6137208e-09            4.2977977e-07  2.571277e-09            4.3019331e-07  -1.8243936e-10            
4.499404e-07  -2.6433884e-09            4.4931521e-07  2.3563625e-09            4.4974755e-07  -4.1516101e-10            
4.6950303e-07  -2.7077417e-09            4.6885065e-07  2.4290817e-09            4.6930179e-07  -4.315564e-10            
4.8906565e-07  -2.7064038e-09            4.883861e-07  2.5181513e-09            4.8885603e-07  -4.4595108e-10            
5.0862828e-07  -2.4407803e-09            5.0792154e-07  2.3256487e-09            5.0841027e-07  -5.2662918e-10            
5.281909e-07  -2.4677297e-09            5.2745699e-07  2.3986714e-09            5.2796451e-07  -4.502587e-10            
5.4775353e-07  -2.5313546e-09            5.4699243e-07  2.4860356e-09            5.4751875e-07  -5.283663e-10            
5.6731616e-07  -2.4708926e-09            5.6652787e-07  2.5788431e-09            5.67073e-07  -5.5334411e-10            
5.8687878e-07  -2.5621627e-09            5.8606332e-07  2.3889389e-09            5.8662724e-07  -7.4462376e-10            
6.0644141e-07  -2.713298e-09            6.0559876e-07  2.454181e-09            6.0618148e-07  -8.8771811e-10            
6.2600403e-07  -2.4960013e-09            6.2513421e-07  2.5468713e-09            6.2573572e-07  -8.9169512e-10            
6.4556666e-07  -2.394245e-09            6.4466965e-07  2.3678301e-09            6.4528996e-07  -1.0857901e-09            
6.6512929e-07  -2.5540862e-09            6.6420509e-07  2.4329572e-09            6.648442e-07  -1.0534299e-09            
6.8469191e-07  -2.4828876e-09            6.8374054e-07  2.526139e-09            6.8439844e-07  -1.2113712e-09            
7.0425454e-07  -2.6078414e-09            7.0327598e-07  2.3177252e-09            7.0395268e-07  -1.3598669e-09            
7.2381716e-07  -2.5890354e-09            7.2281143e-07  2.4012803e-09            7.2350693e-07  -1.3656543e-09            
7.4337979e-07  -2.7325049e-09            7.4234687e-07  2.2165844e-09            7.4306117e-07  -1.3357e-09            
7.6294242e-07  -2.7127016e-09            7.6188231e-07  2.5575997e-09            7.6261541e-07  -1.4345237e-09            
7.8250504e-07  -2.4397816e-09            7.8141776e-07  2.3910952e-09            7.8216965e-07  -1.7771029e-09            
8.0206767e-07  -2.6487264e-09            8.009532e-07  2.1879292e-09            8.0172389e-07  -1.9961773e-09            
8.2163029e-07  -2.6620809e-09            8.2048865e-07  2.2631444e-09            8.2127813e-07  -2.215657e-09            
8.4119292e-07  -2.6296307e-09            8.4002409e-07  2.065925e-09            8.4083237e-07  -2.1597681e-09            
8.6075555e-07  -2.5543379e-09            8.5955953e-07  2.1403053e-09            8.6038661e-07  -2.2147311e-09            
8.8031817e-07  -2.4602623e-09            8.7909498e-07  2.2348001e-09            8.7994085e-07  -1.9842693e-09            
8.998808e-07  -2.3662425e-09            8.9863042e-07  2.3125249e-09            8.994951e-07  -1.9879415e-09            
9.1944343e-07  -2.6892264e-09            9.1816587e-07  2.1306434e-09            9.1904934e-07  -2.0017573e-09            
9.3900605e-07  -2.7142071e-09            9.3770131e-07  2.4626743e-09            9.3860358e-07  -2.0826788e-09            
9.5856868e-07  -2.6880941e-09            9.5723675e-07  2.2996969e-09            9.5815782e-07  -2.211846e-09            
9.781313e-07  -2.6135912e-09            9.767722e-07  2.3751173e-09            9.7771206e-07  -2.2238592e-09            
9.9769393e-07  -2.5908081e-09            9.9630764e-07  2.1765415e-09            9.972663e-07  -2.1937826e-09            
1.0172566e-06  -2.5177252e-09            1.0158431e-06  2.2710374e-09            1.0168205e-06  -2.1638325e-09            
1.0368192e-06  -2.4248381e-09            1.0353785e-06  2.6176891e-09            1.0363748e-06  -2.1339514e-09            
1.0563818e-06  -2.5029399e-09            1.054914e-06  2.456577e-09            1.055929e-06  -1.9841051e-09            
1.0759444e-06  -2.5307999e-09            1.0744494e-06  2.261926e-09            1.0754833e-06  -2.1428119e-09            
1.0955071e-06  -2.4581742e-09            1.0939849e-06  2.3160319e-09            1.0950375e-06  -2.3138301e-09            
1.1150697e-06  -2.6123707e-09            1.1135203e-06  2.408438e-09            1.1145917e-06  -2.3259778e-09            
1.1346323e-06  -2.7529051e-09            1.1330557e-06  2.4786755e-09            1.134146e-06  -2.2960967e-09            
1.1541949e-06  -2.6226167e-09            1.1525912e-06  2.3018738e-09            1.1537002e-06  -2.2662155e-09            
1.1737576e-06  -2.4204986e-09            1.1721266e-06  2.1102574e-09            1.1732545e-06  -2.3407484e-09            
1.1933202e-06  -2.4724178e-09            1.1916621e-06  2.1873747e-09            1.1928087e-06  -2.4746553e-09            
1.2128828e-06  -2.5037528e-09            1.2111975e-06  2.2559171e-09            1.212363e-06  -2.4580218e-09            
1.2324454e-06  -2.5972227e-09            1.230733e-06  2.348135e-09            1.2319172e-06  -2.4474812e-09            
1.2520081e-06  -2.5440723e-09            1.2502684e-06  2.442023e-09            1.2514714e-06  -2.4281614e-09            
1.2715707e-06  -2.5367118e-09            1.2698039e-06  2.2702056e-09            1.2710257e-06  -2.496819e-09            
1.2911333e-06  -2.3769872e-09            1.2893393e-06  2.584506e-09            1.2905799e-06  -2.5382274e-09            
1.3106959e-06  -2.5139918e-09            1.3088747e-06  2.6639326e-09            1.3101342e-06  -2.6195633e-09            
1.3302586e-06  -2.4797591e-09            1.3284102e-06  2.5202492e-09            1.3296884e-06  -2.6203873e-09            
1.3498212e-06  -2.5474287e-09            1.3479456e-06  2.3059559e-09            1.3492426e-06  -2.9211831e-09            
1.3693838e-06  -2.6746484e-09            1.3674811e-06  2.3814558e-09            1.3687969e-06  -2.9011728e-09            
1.3889465e-06  -2.624291e-09            1.3870165e-06  2.7066108e-09            1.3883511e-06  -2.4579487e-09            
1.4085091e-06  -2.5314038e-09            1.406552e-06  2.5517654e-09            1.4079054e-06  -2.6029299e-09            
1.4280717e-06  -2.4385167e-09            1.4260874e-06  2.3674336e-09            1.4274596e-06  -2.8439009e-09            
1.4476343e-06  -2.4070819e-09            1.4456229e-06  2.4780749e-09            1.4470139e-06  -2.5402438e-09            
1.467197e-06  -2.5813604e-09            1.4651583e-06  2.541129e-09            1.4665681e-06  -2.736211e-09            
1.4867596e-06  -2.5419192e-09            1.4846937e-06  2.3390763e-09            1.4861223e-06  -2.7182441e-09            
1.5063222e-06  -2.547183e-09            1.5042292e-06  2.1554837e-09            1.5056766e-06  -2.6626112e-09            
1.5258848e-06  -2.4204662e-09            1.5237646e-06  2.2342115e-09            1.5252308e-06  -2.4747768e-09            
1.5454475e-06  -2.6275715e-09            1.5433001e-06  2.3287068e-09            1.5447851e-06  -2.3961237e-09            
1.5650101e-06  -2.6487094e-09            1.5628355e-06  2.0926523e-09            1.5643393e-06  -2.4455957e-09            
1.5845727e-06  -2.3603263e-09            1.582371e-06  2.1666976e-09            1.5838935e-06  -2.5986868e-09            
1.6041353e-06  -2.3793359e-09            1.6019064e-06  2.2605856e-09            1.6034478e-06  -2.5352858e-09            
1.623698e-06  -2.4684973e-09            1.6214418e-06  2.3163689e-09            1.623002e-06  -2.7250708e-09            
1.6432606e-06  -2.5125345e-09            1.6409773e-06  2.1516534e-09            1.6425563e-06  -2.3546693e-09            
1.6628232e-06  -2.6600016e-09            1.6605127e-06  2.2304341e-09            1.6621105e-06  -2.3750894e-09            
1.6823858e-06  -2.4999248e-09            1.6800482e-06  2.8337333e-09            1.6816647e-06  -2.3930783e-09            
1.7019485e-06  -2.5351477e-09            1.6995836e-06  2.4074458e-09            1.701219e-06  -2.2922169e-09            
1.7215111e-06  -2.4695176e-09            1.7191191e-06  2.4686995e-09            1.7207732e-06  -2.3138919e-09            
1.7410737e-06  -2.6384188e-09            1.7386545e-06  2.5619807e-09            1.7403275e-06  -2.1272189e-09            
1.7606363e-06  -2.3297094e-09            1.75819e-06  2.4024075e-09            1.7598817e-06  -2.2914797e-09            
1.780199e-06  -2.4512668e-09            1.7777254e-06  2.4817206e-09            1.779436e-06  -2.2612469e-09            
1.7997616e-06  -2.5235945e-09            1.7972608e-06  2.3673505e-09            1.7989902e-06  -2.4588682e-09            
1.8193242e-06  -2.3321384e-09            1.8167963e-06  2.6137356e-09            1.8185444e-06  -2.3126629e-09            
1.8388869e-06  -2.3614477e-09            1.8363317e-06  2.4657361e-09            1.8380987e-06  -1.9855297e-09            
1.8584495e-06  -2.6797633e-09            1.8558672e-06  2.7954718e-09            1.8576529e-06  -2.0742271e-09            
1.8780121e-06  -2.6526311e-09            1.8754026e-06  2.6076503e-09            1.8772072e-06  -2.3405266e-09            
1.8975747e-06  -2.5585565e-09            1.8949381e-06  2.435319e-09            1.8967614e-06  -2.1860752e-09            
1.9171374e-06  -2.6059328e-09            1.9144735e-06  2.5152673e-09            1.9163156e-06  -2.2958936e-09            
1.9367e-06  -2.8020889e-09            1.934009e-06  2.6091553e-09            1.9358699e-06  -2.3705563e-09            
1.9562626e-06  -2.6107462e-09            1.9535444e-06  2.359533e-09            1.9554241e-06  -2.1047402e-09            
1.9758252e-06  -2.3642829e-09            1.9730798e-06  2.4824407e-09            1.9749784e-06  -2.1536864e-09            
1.9953879e-06  -2.5104547e-09            1.9926153e-06  2.5298061e-09            1.9945326e-06  -1.9638827e-09            
2.0149505e-06  -2.5963994e-09            2.0121507e-06  2.3244994e-09            2.0140868e-06  -1.9335001e-09            
2.0345131e-06  -2.6606342e-09            2.0316862e-06  2.5023797e-09            2.0336411e-06  -1.9142118e-09            
2.0540757e-06  -2.5863173e-09            2.0512216e-06  2.5513896e-09            2.0531953e-06  -2.0858633e-09            
2.0736384e-06  -2.4910541e-09            2.0707571e-06  2.3465955e-09            2.0727496e-06  -2.1059812e-09            
2.093201e-06  -2.6677426e-09            2.0902925e-06  2.3724162e-09            2.0923038e-06  -2.1200169e-09            
2.1127636e-06  -2.6123433e-09            2.1098279e-06  2.4629025e-09            2.1118581e-06  -2.0990203e-09            
2.1323262e-06  -2.5170801e-09            2.1293634e-06  2.7456496e-09            2.1314123e-06  -2.026121e-09            
2.1518889e-06  -2.4219367e-09            2.1488988e-06  2.4171775e-09            2.1509665e-06  -1.9861863e-09            
2.1714515e-06  -2.3380045e-09            2.1684343e-06  2.1920703e-09            2.1705208e-06  -1.7423664e-09            
2.1910141e-06  -2.5211262e-09            2.1879697e-06  2.215284e-09            2.190075e-06  -1.8758285e-09            
2.2105767e-06  -2.5953101e-09            2.2075052e-06  2.1206554e-09            2.2096293e-06  -1.8608639e-09            
2.2301394e-06  -2.6651847e-09            2.2270406e-06  2.4456548e-09            2.2291835e-06  -1.8585055e-09            
2.249702e-06  -2.443779e-09            2.2465761e-06  2.4951802e-09            2.2487377e-06  -1.836438e-09            
2.2692646e-06  -2.4577277e-09            2.2661115e-06  2.4036344e-09            2.268292e-06  -1.8378863e-09            
2.2888273e-06  -2.3787494e-09            2.2856469e-06  2.372673e-09            2.2878462e-06  -1.8133207e-09            
2.3083899e-06  -2.4615799e-09            2.3051824e-06  2.2219363e-09            2.3074005e-06  -1.9794902e-09            
2.3279525e-06  -2.5167095e-09            2.3247178e-06  2.3036784e-09            2.3269547e-06  -1.7673345e-09            
2.3475151e-06  -2.5630601e-09            2.3442533e-06  2.1605472e-09            2.3465089e-06  -1.6867615e-09            
2.3670778e-06  -2.4838542e-09            2.3637887e-06  2.4191715e-09            2.3660632e-06  -1.8886183e-09            
2.3866404e-06  -2.3897786e-09            2.3833242e-06  2.285344e-09            2.3856174e-06  -1.6776371e-09            
2.406203e-06  -2.5757675e-09            2.4028596e-06  2.3674149e-09            2.4051717e-06  -1.3615371e-09            
2.4257656e-06  -2.3537048e-09            2.422395e-06  2.4613028e-09            2.4247259e-06  -1.5163595e-09            
2.4453283e-06  -2.2821053e-09            2.4419305e-06  2.3207978e-09            2.4442802e-06  -1.7944313e-09            
2.4648909e-06  -2.312613e-09            2.4614659e-06  2.5742431e-09            2.4638344e-06  -1.5781926e-09            
2.4844535e-06  -2.5132943e-09            2.4810014e-06  2.6119682e-09            2.4833886e-06  -1.7383814e-09            
2.5040161e-06  -2.4491103e-09            2.5005368e-06  2.23569e-09            2.5029429e-06  -1.7868492e-09            
2.5235788e-06  -2.6379578e-09            2.5200723e-06  2.3069055e-09            2.5224971e-06  -1.7342188e-09            
2.5431414e-06  -2.5727765e-09            2.5396077e-06  2.1690336e-09            2.5420514e-06  -1.6992366e-09            
2.562704e-06  -2.6481494e-09            2.5591432e-06  2.1859917e-09            2.5616056e-06  -1.1595917e-09            
2.5822666e-06  -2.6855971e-09            2.5786786e-06  2.2766961e-09            2.5811598e-06  -1.285036e-09            
2.6018293e-06  -2.6024725e-09            2.598214e-06  2.2079034e-09            2.6007141e-06  -1.3052929e-09            
2.6213919e-06  -2.5083969e-09            2.6177495e-06  2.3887437e-09            2.6202683e-06  -1.5292102e-09            
2.6409545e-06  -2.5253902e-09            2.6372849e-06  2.0282004e-09            2.6398226e-06  -1.5493453e-09            
2.6605171e-06  -2.6165794e-09            2.6568204e-06  2.3990148e-09            2.6593768e-06  -1.5194211e-09            
2.6800798e-06  -2.7159384e-09            2.6763558e-06  2.2793872e-09            2.678931e-06  -1.2283291e-09            
2.6996424e-06  -2.6384834e-09            2.6958913e-06  2.2933959e-09            2.6984853e-06  -1.6708864e-09            
2.719205e-06  -2.5455963e-09            2.7154267e-06  2.3135577e-09            2.7180395e-06  -1.478482e-09            
2.7387676e-06  -2.7411166e-09            2.7349622e-06  2.4041691e-09            2.7375938e-06  -1.1368645e-09            
2.7583303e-06  -2.593691e-09            2.7544976e-06  2.4257974e-09            2.757148e-06  -1.0579354e-09            
2.7778929e-06  -2.677093e-09            2.774033e-06  1.9918401e-09            2.7767023e-06  -1.2843958e-09            
2.7974555e-06  -2.7835998e-09            2.7935685e-06  2.3603386e-09            2.7962565e-06  -1.2994995e-09            
2.8170182e-06  -2.5171846e-09            2.8131039e-06  2.4677069e-09            2.8158107e-06  -1.2780006e-09            
2.8365808e-06  -2.5983995e-09            2.8326394e-06  2.4868849e-09            2.835365e-06  -9.9715765e-10            
2.8561434e-06  -2.61995e-09            2.8521748e-06  2.3535332e-09            2.8549192e-06  -1.175561e-09            
2.875706e-06  -2.4332e-09            2.8717103e-06  2.3616473e-09            2.8744735e-06  -9.246743e-10            
2.8952687e-06  -2.625904e-09            2.8912457e-06  2.3057839e-09            2.8940277e-06  -1.0974679e-09            
2.9148313e-06  -2.4555656e-09            2.9107811e-06  2.3168232e-09            2.9135819e-06  -1.1270754e-09            
2.9343939e-06  -2.5503778e-09            2.9303166e-06  2.1085354e-09            2.9331362e-06  -1.1198527e-09            
2.9539565e-06  -2.666415e-09            2.949852e-06  2.1894109e-09            2.9526904e-06  -1.0526235e-09            
2.9735192e-06  -2.879981e-09            2.9693875e-06  2.2832989e-09            2.9722447e-06  -1.0364649e-09            
2.9930818e-06  -2.8045179e-09            2.9889229e-06  2.4566217e-09            2.9917989e-06  -1.010384e-09            
3.0126444e-06  -2.5094644e-09            3.0084584e-06  2.5543349e-09            3.0113531e-06  -7.126695e-10            
3.032207e-06  -2.7000345e-09            3.0279938e-06  2.4875538e-09            3.0309074e-06  -8.7931991e-10            
3.0517697e-06  -2.8269944e-09            3.0475293e-06  2.3560323e-09            3.0504616e-06  -9.1579763e-10            
3.0713323e-06  -2.5382792e-09            3.0670647e-06  2.2232292e-09            3.0700159e-06  -8.5995434e-10            
3.0908949e-06  -2.5231397e-09            3.0866001e-06  2.3086044e-09            3.0895701e-06  -6.1858082e-10            
3.1104575e-06  -2.3438744e-09            3.1061356e-06  2.4030992e-09            3.1091244e-06  -7.9392428e-10            
3.1300202e-06  -2.4203638e-09            3.125671e-06  2.6297858e-09            3.1286786e-06  -8.0071798e-10            
3.1495828e-06  -2.5444821e-09            3.1452065e-06  2.428985e-09            3.1482328e-06  -1.0041081e-09            
3.1691454e-06  -2.7578042e-09            3.1647419e-06  2.2952249e-09            3.1677871e-06  -8.1482229e-10            
3.188708e-06  -2.8061356e-09            3.1842774e-06  2.1661328e-09            3.1873413e-06  -7.1706387e-10            
3.2082707e-06  -2.7184701e-09            3.2038128e-06  2.4656296e-09            3.2068956e-06  -6.8092714e-10            
3.2278333e-06  -2.4070582e-09            3.2233483e-06  2.2683336e-09            3.2264498e-06  -6.5101704e-10            
3.2473959e-06  -2.3863747e-09            3.2428837e-06  2.3502047e-09            3.246004e-06  -8.4812366e-10            
3.2669586e-06  -2.7370277e-09            3.2624191e-06  2.3560602e-09            3.2655583e-06  -3.5101637e-10            
3.2865212e-06  -2.4356711e-09            3.2819546e-06  2.3227681e-09            3.2851125e-06  -7.4662558e-10            
3.3060838e-06  -2.412976e-09            3.30149e-06  2.1123506e-09            3.3046668e-06  -8.3597319e-10            
3.3256464e-06  -2.5461396e-09            3.3210255e-06  2.3158225e-09            3.324221e-06  -5.9130136e-10            
3.3452091e-06  -2.3069443e-09            3.3405609e-06  2.2038745e-09            3.3437752e-06  -4.7884118e-10            
3.3647717e-06  -2.4357062e-09            3.3600964e-06  2.0802457e-09            3.3633295e-06  -3.8627809e-10            
3.3843343e-06  -2.5769592e-09            3.3796318e-06  2.3755379e-09            3.3828837e-06  -4.0377522e-10            
3.4038969e-06  -2.4881503e-09            3.3991672e-06  2.1770176e-09            3.402438e-06  -5.9822506e-10            
3.4234596e-06  -2.4661414e-09            3.4187027e-06  2.2594859e-09            3.4219922e-06  -3.8012477e-10            
3.4430222e-06  -2.8429677e-09            3.4382381e-06  2.2394273e-09            3.4415465e-06  -2.598132e-10            
3.4625848e-06  -2.5215691e-09            3.4577736e-06  2.4430513e-09            3.4611007e-06  -2.2003195e-10            
3.4821474e-06  -2.1852173e-09            3.477309e-06  2.2404887e-09            3.4806549e-06  -1.8834627e-10            
3.5017101e-06  -2.5665142e-09            3.4968445e-06  2.3230482e-09            3.5002092e-06  5.3420048e-11            
3.5212727e-06  -2.5465836e-09            3.5163799e-06  2.2118509e-09            3.5197634e-06  1.0980889e-10            
3.5408353e-06  -2.6963978e-09            3.5359154e-06  2.2988318e-09            3.5393177e-06  1.3969007e-10            
3.5603979e-06  -2.3611334e-09            3.5554508e-06  2.3933271e-09            3.5588719e-06  1.6957125e-10            
3.5799606e-06  -2.6385786e-09            3.5749862e-06  2.4878224e-09            3.5784261e-06  1.996883e-10            
3.5995232e-06  -2.7312714e-09            3.5945217e-06  2.1830326e-09            3.5979804e-06  2.6380795e-11            
3.6190858e-06  -2.6392615e-09            3.6140571e-06  2.3614053e-09            3.6175346e-06  3.1278809e-10            
3.6386484e-06  -2.6066897e-09            3.6335926e-06  2.3600476e-09            3.6370889e-06  2.9849035e-10            
3.6582111e-06  -2.512735e-09            3.653128e-06  2.4504312e-09            3.6566431e-06  3.1947851e-10            
3.6777737e-06  -2.7301156e-09            3.6726635e-06  2.2429943e-09            3.6761973e-06  3.4938684e-10            
3.6973363e-06  -2.4390834e-09            3.6921989e-06  2.3263917e-09            3.6957516e-06  3.7926802e-10            
3.716899e-06  -2.5994788e-09            3.7117343e-06  2.2206141e-09            3.7153058e-06  6.0437098e-10            
3.7364616e-06  -2.8148609e-09            3.7312698e-06  2.4049701e-09            3.7348601e-06  5.4773272e-10            
3.7560242e-06  -2.7725713e-09            3.7508052e-06  2.1997939e-09            3.7544143e-06  4.7874395e-10            
3.7755868e-06  -2.6781322e-09            3.7703407e-06  2.2828449e-09            3.7739686e-06  5.8992057e-10            
3.7951495e-06  -2.7867281e-09            3.7898761e-06  2.1785454e-09            3.7935228e-06  8.2092564e-10            
3.8147121e-06  -2.4368782e-09            3.8094116e-06  1.964035e-09            3.813077e-06  6.8257414e-10            
3.8342747e-06  -2.6008187e-09            3.828947e-06  2.047897e-09            3.8326313e-06  9.7789883e-10            
3.8538373e-06  -2.460864e-09            3.8484825e-06  2.141785e-09            3.8521855e-06  9.4047941e-10            
3.8734e-06  -2.424403e-09            3.8680179e-06  2.0403569e-09            3.8717398e-06  9.6054261e-10            
3.8929626e-06  -2.9422847e-09            3.8875533e-06  2.4107546e-09            3.891294e-06  1.092093e-09            
3.9125252e-06  -2.8062103e-09            3.9070888e-06  2.3183238e-09            3.9108482e-06  1.3149647e-09            
3.9320878e-06  -2.7550026e-09            3.9266242e-06  2.1031852e-09            3.9304025e-06  1.0774262e-09            
3.9516505e-06  -2.660928e-09            3.9461597e-06  1.9937036e-09            3.9499567e-06  1.0803316e-09            
3.9712131e-06  -2.5668533e-09            3.9656951e-06  2.081482e-09            3.969511e-06  8.2474139e-10            
3.9907757e-06  -2.4727787e-09            3.9852306e-06  2.1752072e-09            3.9890652e-06  1.1144545e-09            
4.0103383e-06  -2.3956209e-09            4.004766e-06  2.2690907e-09            4.0086194e-06  1.2823834e-09            
4.029901e-06  -2.8716042e-09            4.0243015e-06  2.0604597e-09            4.0281737e-06  1.3828287e-09            
4.0494636e-06  -2.7798558e-09            4.0438369e-06  2.257235e-09            4.0477279e-06  1.2450461e-09            
4.0690262e-06  -2.7294944e-09            4.0633723e-06  2.3551521e-09            4.0672822e-06  1.3777055e-09            
4.0885888e-06  -2.9050225e-09            4.0829078e-06  2.3361411e-09            4.0868364e-06  1.7071247e-09            
4.1081515e-06  -2.8133119e-09            4.1024432e-06  2.312594e-09            4.1063907e-06  1.4748979e-09            
4.1277141e-06  -2.7607818e-09            4.1219787e-06  2.2142617e-09            4.1259449e-06  1.7714726e-09            
4.1472767e-06  -2.93936e-09            4.1415141e-06  2.3025787e-09            4.1454991e-06  1.826527e-09            
4.1668394e-06  -2.8724519e-09            4.1610496e-06  2.3518468e-09            4.1650534e-06  2.0207285e-09            
4.186402e-06  -2.7400846e-09            4.180585e-06  2.2560466e-09            4.1846076e-06  1.7737858e-09            
4.2059646e-06  -2.4016512e-09            4.2001204e-06  2.2744051e-09            4.2041619e-06  1.7816408e-09            
4.2255272e-06  -2.8887344e-09            4.2196559e-06  2.1806889e-09            4.2237161e-06  2.2598943e-09            
4.2450899e-06  -2.5261779e-09            4.2391913e-06  2.1515691e-09            4.2432703e-06  2.1646532e-09            
4.2646525e-06  -2.9912239e-09            4.2587268e-06  2.1231691e-09            4.2628246e-06  2.474356e-09            
4.2842151e-06  -2.6422372e-09            4.2782622e-06  2.0934539e-09            4.2823788e-06  2.6628127e-09            
4.3037777e-06  -2.5623998e-09            4.2977977e-06  2.1197116e-09            4.3019331e-06  2.2728646e-09            
4.3233404e-06  -2.7446828e-09            4.3173331e-06  2.029141e-09            4.3214873e-06  2.4144822e-09            
4.342903e-06  -2.6671133e-09            4.3368686e-06  1.9972256e-09            4.3410416e-06  2.6050902e-09            
4.3624656e-06  -2.8530784e-09            4.356404e-06  1.9657899e-09            4.3605958e-06  2.642459e-09            
4.3820282e-06  -2.773617e-09            4.3759394e-06  2.0557887e-09            4.38015e-06  2.6757927e-09            
4.4015909e-06  -2.6663544e-09            4.3954749e-06  2.2723361e-09            4.3997043e-06  2.7049035e-09            
4.4211535e-06  -2.5937502e-09            4.4150103e-06  2.3694845e-09            4.4192585e-06  2.5917111e-09            
4.4407161e-06  -2.7848895e-09            4.4345458e-06  2.4633725e-09            4.4388128e-06  2.9089321e-09            
4.4602787e-06  -2.4490117e-09            4.4540812e-06  2.4321389e-09            4.458367e-06  3.0981779e-09            
4.4798414e-06  -2.9068076e-09            -          -              4.4779212e-06  3.136485e-09            
4.499404e-06  -2.5428e-09            -          -              4.4974755e-06  3.0079653e-09            
4.5189666e-06  -2.7326626e-09            -          -              -          -              
4.5385292e-06  -2.662661e-09            -          -              -          -              
4.5580919e-06  -2.8629628e-09            -          -              -          -              
