Profile 1             
x       y           
[m]     [m]         
0  -1.3141181e-10            
1.9531875e-09  1.7776865e-10            
3.906375e-09  1.8115746e-10            
5.8595625e-09  1.8447875e-10            
7.81275e-09  -1.0813658e-10            
9.7659375e-09  -9.0071497e-11            
1.1719125e-08  -9.6533833e-11            
1.3672312e-08  -9.0697586e-11            
1.56255e-08  -1.0450615e-10            
1.7578687e-08  -7.9094844e-11            
1.9531875e-08  -3.5465007e-10            
2.1485062e-08  -6.7492102e-11            
2.343825e-08  1.8541621e-10            
2.5391437e-08  -5.5819608e-11            
2.7344625e-08  -5.0053113e-11            
2.9297812e-08  -4.4216866e-11            
3.1251e-08  -3.8389547e-11            
3.3204187e-08  -3.2614124e-11            
3.5157375e-08  -2.6777877e-11            
3.7110562e-08  -2.8032176e-10            
3.906375e-08  -2.7209778e-10            
4.1016937e-08  -9.3388878e-12            
4.2970125e-08  2.4839901e-10            
4.4923312e-08  2.5178894e-10            
4.68765e-08  8.0437421e-12            
4.8829687e-08  1.3810795e-11            
5.0782875e-08  8.3252033e-11            
5.2736062e-08  2.6526381e-10            
5.468925e-08  3.1235834e-11            
5.6642437e-08  3.7072081e-11            
5.8595625e-08  4.2891588e-11            
6.0548812e-08  4.8674823e-11            
6.2502e-08  5.451107e-11            
6.4455187e-08  -2.03998e-11            
6.6408375e-08  -1.7061215e-11            
6.8361562e-08  -2.3384048e-10            
7.031475e-08  7.7766218e-11            
7.2267937e-08  8.3552802e-11            
7.4221125e-08  -3.5712764e-12            
7.6174312e-08  -2.1058701e-10            
7.81275e-08  -2.0479875e-10            
8.0080687e-08  -3.0420132e-10            
8.2033875e-08  -9.0450387e-11            
8.3987062e-08  -1.8735976e-10            
8.594025e-08  1.6628756e-11            
8.7893437e-08  -6.5672425e-11            
8.9846625e-08  -5.7389854e-11            
9.1799812e-08  -1.6411075e-10            
9.3753e-08  -1.5831803e-10            
9.5706187e-08  -2.7237902e-10            
9.7659375e-08  -1.4667344e-10            
9.9612562e-08  -1.6116501e-11            
1.0156575e-07  4.3538881e-11            
1.0351894e-07  4.6859053e-11            
1.0547212e-07  5.0248975e-11            
1.0742531e-07  -1.1760381e-10            
1.093785e-07  -1.1183731e-10            
1.1133169e-07  6.0348991e-11            
1.1328487e-07  -7.8180263e-11            
1.1523806e-07  -2.3876438e-10            
1.1719125e-07  -8.8562075e-11            
1.1914444e-07  -2.3936034e-10            
1.2109762e-07  -2.2866604e-10            
1.2305081e-07  -2.2527667e-10            
1.25004e-07  -2.2192302e-10            
1.2695719e-07  -2.0633328e-10            
1.2891037e-07  -5.3684097e-11            
1.3086356e-07  -3.5374553e-10            
1.3281675e-07  -2.0846935e-10            
1.3476994e-07  -1.7327052e-10            
1.3672312e-07  -3.0478612e-11            
1.3867631e-07  -2.4642365e-11            
1.406295e-07  -1.9498165e-10            
1.4258269e-07  -1.9166203e-10            
1.4453587e-07  -1.3199438e-10            
1.4648906e-07  -1.237531e-10            
1.4844225e-07  4.3720235e-12            
1.5039544e-07  1.2761621e-10            
1.5234862e-07  1.5958583e-11            
1.5430181e-07  -1.7149102e-10            
1.56255e-07  -8.2479745e-11            
1.5820819e-07  3.3395898e-11            
1.6016137e-07  -1.61391e-10            
1.6211456e-07  -5.5232022e-11            
1.6406775e-07  -2.5495733e-10            
1.6602094e-07  -4.1206392e-11            
1.6797412e-07  -3.292382e-11            
1.6992731e-07  6.8249324e-11            
1.718805e-07  -1.4119097e-10            
1.7383369e-07  -2.2586872e-10            
1.7578687e-07  -1.3448088e-10            
1.7774006e-07  8.3495326e-12            
1.7969325e-07  -1.2775237e-10            
1.8164644e-07  -1.2438086e-10            
1.8359962e-07  1.0896355e-10            
1.8555281e-07  -1.1765403e-10            
1.87506e-07  4.9622886e-11            
1.8945919e-07  1.2640254e-10            
1.9141237e-07  -1.0757075e-10            
1.9336556e-07  -1.6778526e-10            
1.9531875e-07  -1.0079091e-10            
1.9727194e-07  1.4960802e-10            
1.9922512e-07  9.917881e-11            
2.0117831e-07  -1.4451003e-10            
2.031315e-07  1.6704701e-10            
2.0508469e-07  1.7288326e-10            
2.0703787e-07  -8.0650023e-11            
2.0899106e-07  1.84486e-10            
2.1094425e-07  1.9032225e-10            
2.1289744e-07  1.9609767e-10            
2.1485062e-07  -1.0386555e-10            
2.1680381e-07  2.0776124e-10            
2.18757e-07  -6.0460594e-11            
2.2071019e-07  -8.6426563e-11            
2.2266337e-07  -8.0590316e-11            
2.2461656e-07  -7.4823821e-11            
2.2656975e-07  -3.5282593e-10            
2.2852294e-07  -3.4943656e-10            
2.3047612e-07  -3.4611695e-10            
2.3242931e-07  -6.6229879e-11            
2.343825e-07  -5.8013711e-11            
2.3633569e-07  -3.9945843e-11            
2.3828887e-07  -3.3262924e-10            
2.4024206e-07  -3.2930851e-10            
2.4219525e-07  -2.4953736e-11            
2.4414844e-07  -1.6670607e-11            
2.4610162e-07  -3.118712e-10            
2.4805481e-07  -3.0603439e-10            
2.50008e-07  -2.9775294e-10            
2.5196119e-07  -3.320171e-12            
2.5391437e-07  1.2304163e-11            
2.5586756e-07  1.813762e-11            
2.5782075e-07  -2.6476216e-10            
2.5977394e-07  -2.5647959e-10            
2.6172712e-07  -2.7021896e-10            
2.6368031e-07  -2.6444744e-10            
2.656335e-07  2.0269784e-11            
2.6758669e-07  5.2945847e-11            
2.6953987e-07  -2.1520623e-10            
2.7149306e-07  -2.411722e-10            
2.7344625e-07  -2.7210894e-10            
2.7539944e-07  -2.2956946e-10            
2.7735262e-07  -2.2373321e-10            
2.7930581e-07  -4.7978313e-10            
2.81259e-07  -4.715e-10            
2.8321219e-07  -2.5523187e-10            
2.8516537e-07  -2.0052773e-10            
2.8711856e-07  -1.9469148e-10            
2.8907175e-07  -3.8218461e-10            
2.9102494e-07  -4.8894903e-10            
2.9297812e-07  -4.2194073e-10            
2.9493131e-07  -2.3510494e-10            
2.968845e-07  -4.0544422e-10            
2.9883769e-07  -3.9716109e-10            
3.0079087e-07  -3.8889414e-10            
3.0274406e-07  -2.2161723e-10            
3.0469725e-07  -1.4237451e-10            
3.0665044e-07  -3.6416808e-10            
3.0860362e-07  -3.5588495e-10            
3.1055681e-07  -3.4762079e-10            
3.1251e-07  -2.0480991e-10            
3.1446319e-07  -1.1333278e-10            
3.1641637e-07  -1.0751718e-10            
3.1836956e-07  -3.146088e-10            
3.2032275e-07  -3.0632568e-10            
3.2227594e-07  -1.8800259e-10            
3.2422912e-07  -8.4291051e-11            
3.2618231e-07  -7.8454805e-11            
3.281355e-07  3.2503637e-11            
3.3008869e-07  -6.6852062e-11            
3.3204187e-07  4.9043669e-11            
3.3399506e-07  -5.524932e-11            
3.3594825e-07  -1.6441654e-10            
3.3790144e-07  -4.3603611e-11            
3.3985462e-07  8.2059562e-11            
3.4180781e-07  -2.1549026e-10            
3.43761e-07  9.8596245e-11            
3.4571419e-07  -2.0371342e-11            
3.4766737e-07  -1.9071062e-10            
3.4962056e-07  -1.8245763e-10            
3.5157375e-07  1.3157643e-10            
3.5352694e-07  -2.8936825e-11            
3.5548012e-07  8.6324447e-12            
3.5743331e-07  1.4436885e-11            
3.593865e-07  -2.8551741e-10            
3.6133969e-07  -1.3297145e-10            
3.6329287e-07  -2.7391467e-10            
3.6524606e-07  -1.1644091e-10            
3.6719925e-07  -1.1063982e-10            
3.6915244e-07  -1.0724989e-10            
3.7110562e-07  -1.0389624e-10            
3.7305881e-07  -8.3415531e-11            
3.75012e-07  -3.8095587e-10            
3.7696519e-07  -2.3323839e-10            
3.7891837e-07  -2.2743395e-10            
3.8087156e-07  -5.0354997e-11            
3.8282475e-07  -4.2112045e-11            
3.8477794e-07  9.5795584e-11            
3.8673112e-07  -2.5577035e-11            
3.8868431e-07  -1.9839222e-10            
3.906375e-07  -7.0239753e-11            
3.9259069e-07  -6.684983e-11            
3.9454387e-07  -1.8095323e-10            
3.9649706e-07  1.5696318e-11            
3.9845025e-07  2.3934806e-11            
4.0040344e-07  -2.4918023e-10            
4.0235662e-07  -5.0039721e-11            
4.0430981e-07  -1.518875e-10            
4.06263e-07  5.6969671e-11            
4.0821619e-07  6.5252242e-11            
4.1016937e-07  7.3487382e-11            
4.1212256e-07  -1.2863626e-10            
4.1407575e-07  -2.9839688e-11            
4.1602894e-07  -1.1703352e-10            
4.1798212e-07  -1.1119727e-10            
4.1993531e-07  1.1475795e-10            
4.218885e-07  1.2302099e-10            
4.2384169e-07  -1.3029579e-11            
4.2579487e-07  -8.797393e-11            
4.2774806e-07  -1.5800889e-10            
4.2970125e-07  -1.4972576e-10            
4.3165444e-07  -7.0536615e-11            
4.3360762e-07  -3.0206414e-10            
4.3556081e-07  -2.9867477e-10            
4.37514e-07  -5.30993e-11            
4.3946719e-07  -1.0844962e-10            
4.4142037e-07  -1.0016649e-10            
4.4337356e-07  -3.4152228e-10            
4.4532675e-07  -3.3569887e-10            
4.4727994e-07  -3.2986262e-10            
4.4923312e-07  -6.7173477e-11            
4.5118631e-07  -5.8890348e-11            
4.531395e-07  -3.1242363e-10            
4.5509269e-07  -3.0665713e-10            
4.5704587e-07  -3.0082089e-10            
4.5899906e-07  -2.9504602e-10            
4.6095225e-07  -3.234745e-10            
4.6290544e-07  -2.833819e-10            
4.6485862e-07  -2.7760871e-10            
4.6681181e-07  -2.7177916e-10            
4.68765e-07  -5.2287114e-10            
4.7071819e-07  -2.6017139e-10            
4.7267137e-07  -2.5434017e-10            
4.7462456e-07  -5.3723604e-10            
4.7657775e-07  -8.1041748e-10            
4.7853094e-07  -2.2466956e-10            
4.8048412e-07  -2.2127963e-10            
4.8243731e-07  7.3153133e-11            
4.843905e-07  8.1435704e-11            
4.8634369e-07  8.9649082e-11            
4.8829687e-07  -2.0785945e-10            
