Profile 1             Profile 2             
x       y           x       y           
[m]     [m]         [m]     [m]         
0  -1.0667886e-10            0  2.1486493e-09            
1.9531436e-09  -9.7789311e-11            1.9531443e-09  1.813739e-09            
3.9062872e-09  -8.9095503e-11            3.9062886e-09  1.7936942e-09            
5.8594309e-09  -8.0205955e-11            5.8594329e-09  1.7750605e-09            
7.8125745e-09  -7.1512147e-11            7.8125772e-09  1.4387392e-09            
9.7657181e-09  -6.2818339e-11            9.7657215e-09  1.4271652e-09            
1.1718862e-08  -3.7161648e-10            1.1718866e-08  1.4014718e-09            
1.3672005e-08  -4.5234982e-11            1.367201e-08  1.3828382e-09            
1.5625149e-08  -2.5449753e-11            1.5625154e-08  1.3642045e-09            
1.7578293e-08  -1.5181469e-11            1.7578299e-08  1.6632507e-09            
1.9531436e-08  2.9853413e-10            1.9531443e-08  1.6446161e-09            
2.148458e-08  3.0722794e-10            2.1484587e-08  1.6259816e-09            
2.3437723e-08  3.1592175e-10            2.3437731e-08  1.9079061e-09            
2.5390867e-08  3.2481129e-10            2.5390876e-08  1.588528e-09            
2.7344011e-08  3.335051e-10            2.734402e-08  1.2721575e-09            
2.9297154e-08  4.5503378e-11            2.9297164e-08  1.8689353e-09            
3.1250298e-08  3.340077e-11            3.1250309e-08  1.5552042e-09            
3.3203442e-08  -2.5163236e-10            3.3203453e-08  1.8316662e-09            
3.5156585e-08  -2.6631208e-10            3.5156597e-08  1.4953597e-09            
3.7109729e-08  -2.5761827e-10            3.7109742e-08  1.476726e-09            
3.9062872e-08  -2.4892446e-10            3.9062886e-08  1.4580923e-09            
4.1016016e-08  4.816426e-11            4.101603e-08  1.4394404e-09            
4.296916e-08  5.5472494e-11            4.2969174e-08  1.1341809e-09            
4.4922303e-08  6.2956811e-11            4.4922319e-08  1.0845036e-09            
4.6875447e-08  1.0353846e-10            4.6875463e-08  1.0658699e-09            
4.8828591e-08  1.12428e-10            4.8828607e-08  1.0472362e-09            
5.0781734e-08  4.0256664e-10            5.0781752e-08  1.0286026e-09            
5.2734878e-08  9.2405151e-11            5.2734896e-08  6.9228121e-10            
5.4688021e-08  -1.7878678e-10            5.468804e-08  7.1315764e-10            
5.6641165e-08  -1.6989723e-10            5.6641184e-08  9.7267632e-10            
5.8594309e-08  -2.028219e-10            5.8594329e-08  9.5404177e-10            
6.0547452e-08  -1.5250961e-10            6.0547473e-08  9.3540722e-10            
6.2500596e-08  -1.4362006e-10            6.2500617e-08  9.1677268e-10            
6.445374e-08  -1.3492626e-10            6.4453762e-08  8.5140561e-10            
6.6406883e-08  -1.2623245e-10            6.6406906e-08  8.7933742e-10            
6.8360027e-08  -1.173429e-10            6.836005e-08  8.1128566e-10            
7.031317e-08  -1.0864909e-10            7.0313194e-08  8.4207007e-10            
7.2266314e-08  -3.6611778e-10            7.2266339e-08  5.5815424e-10            
7.4219458e-08  -3.5603669e-10            7.4219483e-08  2.2324395e-10            
7.6172601e-08  -3.9986387e-10            7.6172627e-08  4.6864317e-10            
7.8125745e-08  -3.9117007e-10            7.8125772e-08  7.6753537e-10            
8.0078889e-08  -1.2166715e-10            8.0078916e-08  7.4890169e-10            
8.2032032e-08  -1.1432473e-10            8.203206e-08  7.8953318e-10            
8.3985176e-08  -3.648929e-10            8.3985204e-08  7.1159693e-10            
8.5938319e-08  -3.5600335e-10            8.5938349e-08  3.7531298e-10            
8.7891463e-08  -6.6499723e-10            8.7891493e-08  3.9148206e-11            
8.9844607e-08  -4.0239141e-10            8.9844637e-08  2.051366e-11            
9.179775e-08  -3.9492847e-10            9.1797782e-08  1.920002e-12            
9.3750894e-08  -3.2103238e-10            9.3750926e-08  -1.6713674e-11            
9.5704037e-08  -2.4440361e-10            9.570407e-08  -3.534735e-11            
9.7657181e-08  1.3847182e-11            9.7657215e-08  2.6346742e-10            
9.9610325e-08  2.2736731e-11            9.9610359e-08  -6.9422818e-13            
1.0156347e-07  -2.8606141e-10            1.015635e-07  2.2619833e-10            
1.0351661e-07  -2.7717186e-10            1.0351665e-07  -3.5258701e-10            
1.0546976e-07  -1.9361096e-10            1.0546979e-07  -1.2851573e-10            
1.074229e-07  5.7707703e-11            1.0742294e-07  -1.4714941e-10            
1.0937604e-07  6.6401511e-11            1.0937608e-07  -4.8347077e-10            
1.1132919e-07  1.5431744e-10            1.1132922e-07  -2.6489764e-10            
1.1328233e-07  1.6444725e-10            1.1328237e-07  -2.0310089e-10            
1.1523547e-07  9.2729107e-11            1.1523551e-07  -5.393718e-10            
1.1718862e-07  1.0156822e-10            1.1718866e-07  -5.5800547e-10            
1.1914176e-07  1.1026203e-10            1.191418e-07  -5.7663915e-10            
1.210949e-07  1.1915158e-10            1.2109495e-07  -5.9527282e-10            
1.2304805e-07  1.2784539e-10            1.2304809e-07  -5.2500876e-10            
1.2500119e-07  1.365392e-10            1.2500123e-07  -6.3259585e-10            
1.2695434e-07  1.4542875e-10            1.2695438e-07  -6.512304e-10            
1.2890748e-07  -7.1725838e-11            1.2890752e-07  -8.9436425e-10            
1.3086062e-07  -1.5447984e-10            1.3086067e-07  -9.1158685e-10            
1.3281377e-07  -1.4578604e-10            1.3281381e-07  -1.2463014e-09            
1.3476691e-07  -4.1291954e-11            1.3476696e-07  -1.0433962e-09            
1.3672005e-07  9.2239327e-11            1.367201e-07  -1.0620299e-09            
1.386732e-07  1.9798307e-10            1.3867324e-07  -7.6317165e-10            
1.4062634e-07  2.0667688e-10            1.4062639e-07  -7.8180532e-10            
1.4257948e-07  3.1677565e-10            1.4257953e-07  -8.00439e-10            
1.4453263e-07  5.4181544e-10            1.4453268e-07  -6.0586894e-10            
1.4648577e-07  5.5064174e-10            1.4648582e-07  -8.3770635e-10            
1.4843892e-07  5.5933554e-10            1.4843897e-07  -8.5634003e-10            
1.5039206e-07  4.6140434e-10            1.5039211e-07  -8.749737e-10            
1.523452e-07  2.5929788e-10            1.5234525e-07  -5.7611543e-10            
1.5429835e-07  2.6812076e-10            1.542984e-07  -5.9474911e-10            
1.5625149e-07  2.7681457e-10            1.5625154e-07  -9.3094433e-10            
1.5820463e-07  2.8570412e-10            1.5820469e-07  -8.3521131e-10            
1.6015778e-07  2.9439792e-10            1.6015783e-07  -8.5243391e-10            
1.6211092e-07  3.0309173e-10            1.6211098e-07  -9.8684797e-10            
1.6406406e-07  1.1094926e-10            1.6406412e-07  -1.3230971e-09            
1.6601721e-07  1.210295e-10            1.6601726e-07  -1.3417308e-09            
1.6797035e-07  1.187695e-11            1.6797041e-07  -1.4817918e-09            
1.699235e-07  2.0570758e-11            1.6992355e-07  -1.3790738e-09            
1.7187664e-07  -1.66026e-10            1.718767e-07  -1.3977084e-09            
1.7382978e-07  -2.7926176e-10            1.7382984e-07  -1.4163429e-09            
1.7578293e-07  -2.7044828e-10            1.7578299e-07  -1.3079024e-09            
1.7773607e-07  -2.6175448e-10            1.7773613e-07  -1.3252416e-09            
1.7968921e-07  -2.5286493e-10            1.7968927e-07  -1.4723623e-09            
1.8164236e-07  -2.4417112e-10            1.8164242e-07  -1.4909959e-09            
1.835955e-07  -4.8309569e-11            1.8359556e-07  -1.5096296e-09            
1.8554864e-07  -4.0920987e-11            1.8554871e-07  -1.5282633e-09            
1.8750179e-07  -3.3499068e-11            1.8750185e-07  -1.546897e-09            
1.8945493e-07  -2.0920015e-10            1.89455e-07  -1.5655307e-09            
1.9140807e-07  -2.003106e-10            1.9140814e-07  -1.4458789e-09            
1.9336122e-07  -1.9161679e-10            1.9336128e-07  -1.602798e-09            
1.9531436e-07  -1.8283751e-10            1.9531443e-07  -1.4803241e-09            
1.9726751e-07  -3.4090565e-11            1.9726757e-07  -1.6401532e-09            
1.9922065e-07  -1.6533963e-10            1.9922072e-07  -1.6587878e-09            
2.0117379e-07  -1.3736063e-11            2.0117386e-07  -1.6774223e-09            
2.0312694e-07  -3.6566817e-12            2.0312701e-07  -1.6960569e-09            
2.0508008e-07  -1.3906246e-10            2.0508015e-07  -1.7146914e-09            
2.0703322e-07  -1.3017291e-10            2.0703329e-07  -2.0509214e-09            
2.0898637e-07  -1.214791e-10            2.0898644e-07  -2.0695551e-09            
2.1093951e-07  -1.127853e-10            2.1093958e-07  -1.6054992e-09            
2.1289265e-07  -1.0389575e-10            2.1289273e-07  -1.4717376e-09            
2.148458e-07  -9.520194e-11            2.1484587e-07  -1.3350582e-09            
2.1679894e-07  -8.6413253e-11            2.1679902e-07  -1.5090067e-09            
2.1875209e-07  -7.7618583e-11            2.1875216e-07  -1.5276413e-09            
2.2070523e-07  -2.2975039e-10            2.207053e-07  -1.8638652e-09            
2.2265837e-07  -3.7772291e-10            2.2265845e-07  -1.5650069e-09            
2.2461152e-07  -3.6893081e-10            2.2461159e-07  -1.9012326e-09            
2.2656466e-07  -1.9931394e-10            2.2656474e-07  -1.6022743e-09            
2.285178e-07  -3.5144575e-10            2.2851788e-07  -1.620908e-09            
2.3047095e-07  -6.6024389e-10            2.3047103e-07  -1.6395416e-09            
2.3242409e-07  -4.9894901e-10            2.3242417e-07  -1.8077493e-09            
2.3437723e-07  -3.2516859e-10            2.3437731e-07  -1.676809e-09            
2.3633038e-07  -3.1627904e-10            2.3633046e-07  -2.0131304e-09            
2.3828352e-07  -1.5923746e-10            2.382836e-07  -1.7141825e-09            
2.4023667e-07  -2.9889142e-10            2.4023675e-07  -1.732817e-09            
2.4218981e-07  -1.4451671e-10            2.4218989e-07  -1.7514516e-09            
2.4414295e-07  -2.8130806e-10            2.4414304e-07  -1.593593e-09            
2.460961e-07  -2.7250656e-10            2.4609618e-07  -2.1062987e-09            
2.4804924e-07  -2.6372471e-10            2.4804932e-07  -1.9457258e-09            
2.5000238e-07  -2.550309e-10            2.5000247e-07  -1.8260741e-09            
2.5195553e-07  -2.4614135e-10            2.5195561e-07  -2.1621998e-09            
2.5390867e-07  -4.1779427e-10            2.5390876e-07  -2.1809465e-09            
2.5586181e-07  -4.1037577e-10            2.558619e-07  -2.5171548e-09            
2.5781496e-07  -4.0298547e-10            2.5781505e-07  -2.5357885e-09            
2.597681e-07  -5.2866233e-10            2.5976819e-07  -2.5544222e-09            
2.6172125e-07  -5.1996852e-10            2.6172133e-07  -2.5730558e-09            
2.6367439e-07  -5.1127471e-10            2.6367448e-07  -2.4646927e-09            
2.6562753e-07  -5.0238516e-10            2.6562762e-07  -2.4847375e-09            
2.6758068e-07  -3.0363365e-10            2.6758077e-07  -2.3114649e-09            
2.6953382e-07  -1.6730986e-10            2.6953391e-07  -2.2072593e-09            
2.7148696e-07  3.4097403e-11            2.7148706e-07  -2.227305e-09            
2.7344011e-07  4.4253713e-11            2.734402e-07  -2.0498e-09            
2.7539325e-07  5.4453615e-11            2.7539334e-07  -2.0684346e-09            
2.7734639e-07  -1.3233888e-10            2.7734649e-07  -1.7694537e-09            
2.7929954e-07  -1.2344934e-10            2.7929963e-07  -1.7880873e-09            
2.8125268e-07  -3.1440112e-10            2.8125278e-07  -1.8068463e-09            
2.8320583e-07  -3.0709374e-10            2.8320592e-07  -1.9384364e-09            
2.8515897e-07  -2.9971541e-10            2.8515907e-07  -1.955659e-09            
2.8711211e-07  -2.9228324e-10            2.8711221e-07  -2.1803097e-09            
2.8906526e-07  -7.9658051e-11            2.8906535e-07  -1.9901042e-09            
2.910184e-07  -2.776001e-10            2.910185e-07  -1.5823974e-09            
2.9297154e-07  -3.7969315e-10            2.9297164e-07  -1.6010311e-09            
2.9492469e-07  -2.627913e-10            2.9492479e-07  -1.6196648e-09            
2.9687783e-07  -4.4617842e-11            2.9687793e-07  -1.9559862e-09            
2.9883097e-07  -3.5924035e-11            2.9883108e-07  -1.9746198e-09            
3.0078412e-07  -2.7034486e-11            3.0078422e-07  -1.9932535e-09            
3.0273726e-07  8.4254973e-11            3.0273736e-07  -2.0118872e-09            
3.0469041e-07  9.1562353e-11            3.0469051e-07  -2.0305209e-09            
3.0664355e-07  9.8869733e-11            3.0664365e-07  -2.0491545e-09            
3.0859669e-07  2.2699207e-10            3.085968e-07  -1.9732462e-09            
3.1054984e-07  2.370723e-10            3.1054994e-07  -1.7689299e-09            
3.1250298e-07  2.5324102e-11            3.1250309e-07  -1.7875636e-09            
3.1445612e-07  -6.0201051e-11            3.1445623e-07  -1.8061973e-09            
3.1640927e-07  -2.7458449e-10            3.1640937e-07  -1.5962368e-09            
3.1836241e-07  -2.6575135e-10            3.1836252e-07  -1.6134594e-09            
3.2031555e-07  -1.6693889e-10            3.2031566e-07  -1.630682e-09            
3.222687e-07  6.9184624e-11            3.2226881e-07  -1.56324e-09            
3.2422184e-07  7.7878431e-11            3.2422195e-07  -1.5818737e-09            
3.2617498e-07  1.727265e-10            3.261751e-07  -1.6005074e-09            
3.2812813e-07  4.1295374e-10            3.2812824e-07  -1.6191411e-09            
3.3008127e-07  1.8739254e-10            3.3008139e-07  -1.6377747e-09            
3.3203442e-07  1.9484438e-10            3.3203453e-07  -1.9740483e-09            
3.3398756e-07  2.0215176e-10            3.3398767e-07  -1.9926828e-09            
3.359407e-07  3.6904535e-10            3.3594082e-07  -1.7685089e-09            
3.3789385e-07  1.3932231e-10            3.3789396e-07  -1.956576e-09            
3.3984699e-07  1.4801612e-10            3.3984711e-07  -2.2943093e-09            
3.4180013e-07  1.5670992e-10            3.4180025e-07  -1.9966672e-09            
3.4375328e-07  -1.5189247e-10            3.437534e-07  -2.0858982e-09            
3.4570642e-07  -2.1514161e-10            3.4570654e-07  -1.7869981e-09            
3.4765956e-07  -2.0506052e-10            3.4765968e-07  -1.4879859e-09            
3.4961271e-07  -4.4310726e-10            3.4961283e-07  -1.571569e-09            
3.5156585e-07  -4.3441345e-10            3.5156597e-07  -1.5887908e-09            
3.53519e-07  -4.255239e-10            3.5351912e-07  -1.5440444e-09            
3.5547214e-07  -4.1683009e-10            3.5547226e-07  -1.6233926e-09            
3.5742528e-07  -4.0813628e-10            3.5742541e-07  -1.5813135e-09            
3.5937843e-07  -8.1754788e-11            3.5937855e-07  -1.3980398e-09            
3.6133157e-07  -7.2865239e-11            3.6133169e-07  -1.3573727e-09            
3.6328471e-07  -6.4171431e-11            3.6328484e-07  -1.3746292e-09            
3.6523786e-07  -5.5477623e-11            3.6523798e-07  -1.338197e-09            
3.67191e-07  -4.6588074e-11            3.6719113e-07  -1.3569942e-09            
3.6914414e-07  -3.7894266e-11            3.6914427e-07  -1.1087711e-09            
3.7109729e-07  2.3422081e-10            3.7109742e-07  -1.3942633e-09            
3.7305043e-07  2.4433352e-10            3.7305056e-07  -1.0952398e-09            
3.7500358e-07  -1.1617102e-11            3.750037e-07  -1.1138735e-09            
3.7695672e-07  -2.923294e-12            3.7695685e-07  -1.1325071e-09            
3.7890986e-07  2.7476741e-10            3.7890999e-07  -8.3364886e-10            
3.8086301e-07  2.8501347e-10            3.8086314e-07  -8.5228253e-10            
3.8281615e-07  2.950937e-10            3.8281628e-07  -5.9434545e-10            
3.8476929e-07  3.0517394e-10            3.8476943e-07  -5.7203358e-10            
3.8672244e-07  3.1542342e-10            3.8672257e-07  -5.9066813e-10            
3.8867558e-07  3.2553015e-10            3.8867571e-07  -6.0930267e-10            
3.9062872e-07  9.8531247e-11            3.9062886e-07  -5.9266033e-10            
3.9258187e-07  1.0586256e-10            3.92582e-07  -3.2890495e-10            
3.9453501e-07  -1.6671665e-10            3.9453515e-07  -3.4753863e-10            
3.9648816e-07  -1.6059996e-10            3.9648829e-07  -3.6634891e-10            
3.984413e-07  -1.54679e-10            3.9844144e-07  -4.146343e-10            
4.0039444e-07  1.0218536e-10            4.0039458e-07  -3.7539649e-10            
4.0234759e-07  -1.7454886e-10            4.0234772e-07  -1.0458139e-10            
4.0430073e-07  1.1976872e-10            4.0430087e-07  -1.2321506e-10            
4.0625387e-07  4.1683949e-10            4.0625401e-07  -4.3553336e-10            
4.0820702e-07  4.2709838e-10            4.0820716e-07  -4.5557898e-10            
4.1016016e-07  4.3719571e-10            4.101603e-07  -4.756246e-10            
4.121133e-07  4.474563e-10            4.1211345e-07  -1.9793333e-10            
4.1406645e-07  4.5753739e-10            4.1406659e-07  -2.1656787e-10            
4.1601959e-07  4.6763215e-10            4.1601973e-07  -2.3520242e-10            
4.1797274e-07  1.8101686e-10            4.1797288e-07  -2.5383696e-10            
4.1992588e-07  1.7049642e-10            4.1992602e-07  -2.7247151e-10            
4.2187902e-07  -1.0086817e-10            4.2187917e-07  2.6378061e-11            
4.2383217e-07  1.9066715e-10            4.2383231e-07  3.2523633e-10            
4.2578531e-07  2.0093287e-10            4.2578546e-07  6.2410069e-10            
4.2773845e-07  2.110131e-10            4.277386e-07  9.2314862e-10            
4.296916e-07  -8.3725019e-11            4.2969174e-07  1.2149515e-09            
4.3164474e-07  -7.5031211e-11            4.3164489e-07  1.2033767e-09            
4.3359788e-07  -6.6141663e-11            4.3359803e-07  1.1847421e-09            
4.3555103e-07  -6.577155e-11            4.3555118e-07  8.4861391e-10            
4.3750417e-07  -3.6624599e-10            4.3750432e-07  1.1474722e-09            
4.3945731e-07  -4.5413628e-11            4.3945747e-07  1.1288385e-09            
4.4141046e-07  -3.486652e-10            -          -              
4.433636e-07  -2.5249738e-11            -          -              
4.4531675e-07  -1.3587334e-11            -          -              
4.4726989e-07  -4.8935257e-12            -          -              
