Profile 1             
x       y           
[m]     [m]         
0  -2.5737988e-09            
1.9532714e-08  -2.480362e-09            
3.9065428e-08  -2.3792889e-09            
5.8598143e-08  -2.6053136e-09            
7.8130857e-08  -2.7934016e-09            
9.7663571e-08  -2.7114193e-09            
1.1719629e-07  -2.9259798e-09            
1.36729e-07  -2.8287249e-09            
1.5626171e-07  -2.73147e-09            
1.7579443e-07  -2.9116672e-09            
1.9532714e-07  -2.8487756e-09            
2.1485986e-07  -2.4817048e-09            
2.3439257e-07  -2.4340858e-09            
2.5392528e-07  -2.5570108e-09            
2.73458e-07  -2.5132099e-09            
2.9299071e-07  -2.4198217e-09            
3.1252343e-07  -2.3874785e-09            
3.3205614e-07  -2.4798615e-09            
3.5158886e-07  -2.4515425e-09            
3.7112157e-07  -2.5248316e-09            
3.9065428e-07  -2.5764844e-09            
4.10187e-07  -2.4028665e-09            
4.2971971e-07  -2.3896109e-09            
4.4925243e-07  -2.2961741e-09            
4.6878514e-07  -2.5145528e-09            
4.8831785e-07  -2.6374777e-09            
5.0785057e-07  -2.6394947e-09            
5.2738328e-07  -2.5461452e-09            
5.46916e-07  -2.4527117e-09            
5.6644871e-07  -2.3592782e-09            
5.8598143e-07  -2.4632828e-09            
6.0551414e-07  -2.4843905e-09            
6.2504685e-07  -2.3909537e-09            
6.4457957e-07  -2.4235158e-09            
6.6411228e-07  -2.3338972e-09            
6.83645e-07  -2.6897292e-09            
7.0317771e-07  -2.5033841e-09            
7.2271042e-07  -2.4061292e-09            
7.4224314e-07  -2.3088743e-09            
7.6177585e-07  -2.5234348e-09            
7.8130857e-07  -2.2734539e-09            
8.0084128e-07  -2.6408731e-09            
8.20374e-07  -2.3921682e-09            
8.3990671e-07  -2.462915e-09            
8.5943942e-07  -2.3492399e-09            
8.7897214e-07  -2.2519849e-09            
8.9850485e-07  -2.3303648e-09            
9.1803757e-07  -2.1898376e-09            
9.3757028e-07  -2.4553067e-09            
9.5710299e-07  -2.1747807e-09            
9.7663571e-07  -2.650248e-09            
9.9616842e-07  -2.0973607e-09            
1.0157011e-06  -2.5920871e-09            
1.0352339e-06  -2.2999383e-09            
1.0547666e-06  -2.7246717e-09            
1.0742993e-06  -2.21506e-09            
1.093832e-06  -2.6435231e-09            
1.1133647e-06  -2.2381911e-09            
1.1328974e-06  -2.3255598e-09            
1.1524301e-06  -2.2244867e-09            
1.1719629e-06  -2.3525026e-09            
1.1914956e-06  -2.5670631e-09            
1.2110283e-06  -2.6314431e-09            
1.230561e-06  -2.6130966e-09            
1.2500937e-06  -2.2078443e-09            
1.2696264e-06  -2.674613e-09            
1.2891591e-06  -2.3327862e-09            
1.3086918e-06  -2.6074287e-09            
1.3282246e-06  -2.4579482e-09            
1.3477573e-06  -2.7247343e-09            
1.36729e-06  -2.3156639e-09            
1.3868227e-06  -2.760586e-09            
1.4063554e-06  -2.3960607e-09            
1.4258881e-06  -2.6144394e-09            
1.4454208e-06  -2.5210026e-09            
1.4649536e-06  -2.4530202e-09            
1.4844863e-06  -2.6243083e-09            
1.504019e-06  -2.2585103e-09            
1.5235517e-06  -2.459071e-09            
1.5430844e-06  -2.3758159e-09            
1.5626171e-06  -2.8897236e-09            
1.5821498e-06  -2.4908382e-09            
1.6016826e-06  -2.709219e-09            
1.6212153e-06  -2.6106914e-09            
1.640748e-06  -2.5223454e-09            
1.6602807e-06  -2.1425475e-09            
1.6798134e-06  -2.3520172e-09            
1.6993461e-06  -1.9913273e-09            
1.7188788e-06  -2.7480476e-09            
1.7384116e-06  -2.6508164e-09            
1.7579443e-06  -2.8656175e-09            
1.777477e-06  -2.8039986e-09            
1.7970097e-06  -2.9434689e-09            
1.8165424e-06  -3.1974836e-09            
1.8360751e-06  -2.8825942e-09            
1.8556078e-06  -2.742067e-09            
1.8751406e-06  -2.3915415e-09            
1.8946733e-06  -2.4966484e-09            
1.914206e-06  -2.5241197e-09            
1.9337387e-06  -2.3683198e-09            
1.9532714e-06  -2.5166991e-09            
1.9728041e-06  -2.7313222e-09            
1.9923368e-06  -2.3998907e-09            
2.0118696e-06  -2.6182727e-09            
2.0314023e-06  -2.5250311e-09            
2.050935e-06  -2.3425042e-09            
2.0704677e-06  -2.1190648e-09            
2.0900004e-06  -2.5565362e-09            
2.1095331e-06  -2.4630994e-09            
2.1290658e-06  -2.5771154e-09            
2.1485986e-06  -2.2762259e-09            
2.1681313e-06  -2.4946046e-09            
2.187664e-06  -2.4011678e-09            
2.2071967e-06  -2.4999111e-09            
2.2267294e-06  -2.3378523e-09            
2.2462621e-06  -2.6173246e-09            
2.2657948e-06  -2.5200729e-09            
2.2853276e-06  -2.557879e-09            
2.3048603e-06  -2.6375317e-09            
2.324393e-06  -2.6828209e-09            
2.3439257e-06  -2.4239311e-09            
2.3634584e-06  -2.4959474e-09            
2.3829911e-06  -2.8683247e-09            
2.4025238e-06  -2.7787061e-09            
2.4220566e-06  -2.5274525e-09            
2.4415893e-06  -2.2685626e-09            
2.461122e-06  -2.3405789e-09            
2.4806547e-06  -2.2471422e-09            
2.5001874e-06  -2.4656708e-09            
2.5197201e-06  -2.1915115e-09            
2.5392528e-06  -2.4061831e-09            
2.5587856e-06  -2.3737321e-09            
2.5783183e-06  -2.4038534e-09            
2.597851e-06  -2.5064149e-09            
2.6173837e-06  -2.4167963e-09            
2.6369164e-06  -2.6389931e-09            
2.6564491e-06  -2.3419218e-09            
2.6759818e-06  -2.5603004e-09            
2.6955146e-06  -2.1550482e-09            
2.7150473e-06  -2.3734269e-09            
2.73458e-06  -2.5029042e-09            
2.7541127e-06  -2.4985608e-09            
2.7736454e-06  -2.4866501e-09            
2.7931781e-06  -2.6235749e-09            
2.8127108e-06  -2.456258e-09            
2.8322436e-06  -2.2648847e-09            
2.8517763e-06  -2.4094458e-09            
2.871309e-06  -2.2498278e-09            
2.8908417e-06  -2.4682065e-09            
2.9103744e-06  -2.6318584e-09            
2.9299071e-06  -2.5931484e-09            
2.9494398e-06  -2.4997116e-09            
2.9689726e-06  -2.4495472e-09            
2.9885053e-06  -2.6248843e-09            
3.008038e-06  -2.4958147e-09            
3.0275707e-06  -2.1898645e-09            
3.0471034e-06  -2.3726072e-09            
3.0666361e-06  -2.5388045e-09            
3.0861688e-06  -2.4695493e-09            
3.1057016e-06  -2.687928e-09            
3.1252343e-06  -2.2954029e-09            
3.144767e-06  -2.198148e-09            
3.1642997e-06  -2.4127085e-09            
3.1838324e-06  -2.6259963e-09            
3.2033651e-06  -2.5351071e-09            
3.2228978e-06  -2.7448389e-09            
3.2424306e-06  -2.6577657e-09            
3.2619633e-06  -1.9684454e-09            
3.281496e-06  -2.4708921e-09            
3.3010287e-06  -2.6892708e-09            
3.3205614e-06  -2.3094729e-09            
3.3400941e-06  -2.5023972e-09            
3.3596268e-06  -2.1302356e-09            
3.3791596e-06  -2.5904304e-09            
3.3986923e-06  -2.8049909e-09            
3.418225e-06  -2.6631909e-09            
3.4377577e-06  -2.8741975e-09            
3.4572904e-06  -2.5132703e-09            
3.4768231e-06  -2.4160186e-09            
3.4963558e-06  -2.3189805e-09            
3.5158886e-06  -2.533541e-09            
3.5354213e-06  -2.5037401e-09            
3.554954e-06  -2.6508466e-09            
3.5744867e-06  -2.5535917e-09            
3.5940194e-06  -2.5352452e-09            
3.6135521e-06  -2.7536239e-09            
3.6330848e-06  -2.5736424e-09            
3.6526176e-06  -2.5667503e-09            
3.6721503e-06  -2.4733933e-09            
3.691683e-06  -2.2641426e-09            
3.7112157e-06  -2.5983417e-09            
3.7307484e-06  -2.5050829e-09            
3.7502811e-06  -2.5210997e-09            
3.7698138e-06  -2.7432965e-09            
3.7893466e-06  -2.536588e-09            
3.8088793e-06  -2.6340586e-09            
3.828412e-06  -2.4120775e-09            
3.8479447e-06  -2.2562777e-09            
3.8674774e-06  -2.4275658e-09            
3.8870101e-06  -2.693035e-09            
3.9065428e-06  -2.6314161e-09            
3.9260755e-06  -2.6742819e-09            
3.9456083e-06  -2.5604849e-09            
3.965141e-06  -2.3284612e-09            
3.9846737e-06  -2.6944749e-09            
4.0042064e-06  -2.7499459e-09            
4.0237391e-06  -2.4999651e-09            
4.0432718e-06  -2.5694359e-09            
4.0628045e-06  -2.4759992e-09            
4.0823373e-06  -2.5200157e-09            
4.10187e-06  -2.6009411e-09            
4.1214027e-06  -2.6373213e-09            
4.1409354e-06  -2.6000415e-09            
4.1604681e-06  -2.7000608e-09            
4.1800008e-06  -2.4208107e-09            
4.1995335e-06  -2.4457398e-09            
4.2190663e-06  -2.6642156e-09            
4.238599e-06  -2.5707788e-09            
4.2581317e-06  -2.580432e-09            
4.2776644e-06  -2.6957207e-09            
4.2971971e-06  -2.6022839e-09            
4.3167298e-06  -2.5088471e-09            
4.3362625e-06  -2.4154103e-09            
4.3557953e-06  -2.633789e-09            
4.375328e-06  -2.5403522e-09            
4.3948607e-06  -2.7589304e-09            
4.4143934e-06  -2.6654969e-09            
4.4339261e-06  -2.8151521e-09            
4.4534588e-06  -2.7255367e-09            
4.4729915e-06  -2.6970635e-09            
4.4925243e-06  -2.5463059e-09            
4.512057e-06  -2.7685513e-09            
4.5315897e-06  -2.7285686e-09            
4.5511224e-06  -2.4149519e-09            
4.5706551e-06  -2.5836947e-09            
4.5901878e-06  -2.4864398e-09            
4.6097205e-06  -2.3891848e-09            
4.6292533e-06  -2.5732002e-09            
4.648786e-06  -2.5064904e-09            
4.6683187e-06  -2.6983869e-09            
4.6878514e-06  -2.6049534e-09            
4.7073841e-06  -2.5115198e-09            
4.7269168e-06  -2.4180863e-09            
4.7464495e-06  -2.6364747e-09            
4.7659823e-06  -2.5430379e-09            
4.785515e-06  -2.1377856e-09            
