Profile 1             
x       y           
[m]     [m]         
0  -1.9339214e-09            
1.95314e-09  -1.9253817e-09            
3.90628e-09  -1.916842e-09            
5.8594201e-09  -2.2257943e-09            
7.8125601e-09  -2.2170588e-09            
9.7657001e-09  -2.2085192e-09            
1.171884e-08  -2.1999795e-09            
1.367198e-08  -2.191244e-09            
1.562512e-08  -2.1827044e-09            
1.757826e-08  -2.1741647e-09            
1.95314e-08  -2.1654293e-09            
2.148454e-08  -2.1431854e-09            
2.343768e-08  -1.8306622e-09            
2.539082e-08  -2.1234286e-09            
2.734396e-08  -1.8133871e-09            
2.92971e-08  -1.8048474e-09            
3.125024e-08  -2.0938786e-09            
3.320338e-08  -1.7875723e-09            
3.515652e-08  -1.7790326e-09            
3.710966e-08  -1.7702972e-09            
3.90628e-08  -1.7617575e-09            
4.101594e-08  -1.7532178e-09            
4.296908e-08  -1.7444824e-09            
4.492222e-08  -1.4469092e-09            
4.687536e-08  -1.4396154e-09            
4.88285e-08  -1.4011757e-09            
5.078164e-08  -1.4248319e-09            
5.273478e-08  -1.3839006e-09            
5.4687921e-08  -1.4102228e-09            
5.6641061e-08  -1.4027547e-09            
5.8594201e-08  -1.6755777e-09            
6.0547341e-08  -1.6670381e-09            
6.2500481e-08  -1.6584984e-09            
6.4453621e-08  -1.649763e-09            
6.6406761e-08  -1.6412233e-09            
6.8359901e-08  -1.9065982e-09            
7.0313041e-08  -1.9416359e-09            
7.2266181e-08  -2.2044923e-09            
7.4219321e-08  -2.1945402e-09            
7.6172461e-08  -2.233313e-09            
7.8125601e-08  -2.2247733e-09            
8.0078741e-08  -2.2160379e-09            
8.2031881e-08  -2.2074982e-09            
8.3985021e-08  -2.1989585e-09            
8.5938161e-08  -1.9275141e-09            
8.7891301e-08  -1.9200583e-09            
8.9844441e-08  -1.8554561e-09            
9.1797581e-08  -1.8469164e-09            
9.3750721e-08  -1.838181e-09            
9.5703861e-08  -1.8296413e-09            
9.7657001e-08  -2.0763402e-09            
9.9610141e-08  -2.0665163e-09            
1.0156328e-07  -2.056575e-09            
1.0351642e-07  -1.7951318e-09            
1.0546956e-07  -1.7865514e-09            
1.074227e-07  -1.7780117e-09            
1.0937584e-07  -1.7692763e-09            
1.1132898e-07  -1.7607366e-09            
1.1328212e-07  -1.7521969e-09            
1.1523526e-07  -1.7434615e-09            
1.171884e-07  -1.7349218e-09            
1.1914154e-07  -1.6503863e-09            
1.2109468e-07  -1.6404526e-09            
1.2304782e-07  -1.6306195e-09            
1.2500096e-07  -1.6206874e-09            
1.269541e-07  -1.6109026e-09            
1.2890724e-07  -1.6010672e-09            
1.3086038e-07  -1.5911374e-09            
1.3281352e-07  -1.5813526e-09            
1.3476666e-07  -1.5715149e-09            
1.367198e-07  -1.648742e-09            
1.3867294e-07  -1.6402023e-09            
1.4062608e-07  -1.6316627e-09            
1.4257922e-07  -1.6229272e-09            
1.4453236e-07  -1.8397446e-09            
1.464855e-07  -1.8299023e-09            
1.4843864e-07  -1.8201168e-09            
1.5039178e-07  -1.9060647e-09            
1.5234492e-07  -1.80035e-09            
1.5429806e-07  -1.6697186e-09            
1.562512e-07  -1.8802499e-09            
1.5820434e-07  -1.8717103e-09            
1.6015748e-07  -1.8629748e-09            
1.6211062e-07  -1.8544351e-09            
1.6406376e-07  -1.8458955e-09            
1.660169e-07  -1.83716e-09            
1.6797004e-07  -1.8286204e-09            
1.6992318e-07  -1.8200807e-09            
1.7187632e-07  -1.8113453e-09            
1.7382946e-07  -1.8028056e-09            
1.757826e-07  -1.9996328e-09            
1.7773574e-07  -1.9898473e-09            
1.7968888e-07  -1.9799366e-09            
1.8164202e-07  -1.7682554e-09            
1.8359516e-07  -1.6426794e-09            
1.855483e-07  -1.6328218e-09            
1.8750144e-07  -1.6229142e-09            
1.8945458e-07  -1.613055e-09            
1.9140772e-07  -1.6032695e-09            
1.9336086e-07  -1.3991338e-09            
1.95314e-07  -1.5835027e-09            
1.9726714e-07  -1.573599e-09            
1.9922028e-07  -1.5638142e-09            
2.0117342e-07  -1.6822713e-09            
2.0312656e-07  -1.8616568e-09            
2.050797e-07  -1.8517562e-09            
2.0703284e-07  -1.8419714e-09            
2.0898598e-07  -1.9654088e-09            
2.1093912e-07  -1.9566734e-09            
2.1289226e-07  -1.9481337e-09            
2.148454e-07  -1.939594e-09            
2.1679854e-07  -1.9308586e-09            
2.1875168e-07  -1.9223189e-09            
2.2070482e-07  -1.9137792e-09            
2.2265796e-07  -1.9050438e-09            
2.246111e-07  -2.0708134e-09            
2.2656424e-07  -2.0610287e-09            
2.2851738e-07  -2.1969167e-09            
2.3047052e-07  -2.0412634e-09            
2.3242366e-07  -2.1796416e-09            
2.343768e-07  -2.1709983e-09            
2.3632994e-07  -2.1623665e-09            
2.3828308e-07  -2.1538268e-09            
2.4023622e-07  -2.3095415e-09            
2.4218936e-07  -2.1365517e-09            
2.441425e-07  -2.128012e-09            
2.4609564e-07  -2.1192766e-09            
2.4804878e-07  -2.1107369e-09            
2.5000192e-07  -2.1021972e-09            
2.5195506e-07  -1.9365834e-09            
2.539082e-07  -1.7672344e-09            
2.5586134e-07  -1.7586948e-09            
2.5781448e-07  -1.7501551e-09            
2.5976762e-07  -1.7414196e-09            
2.6172076e-07  -1.73288e-09            
2.636739e-07  -1.7242482e-09            
2.6562704e-07  -1.8850383e-09            
2.6758018e-07  -2.0245571e-09            
2.6953332e-07  -2.0160174e-09            
2.7148646e-07  -2.180542e-09            
2.734396e-07  -2.31643e-09            
2.7539274e-07  -1.9902027e-09            
2.7734588e-07  -1.9815762e-09            
2.7929902e-07  -1.9729276e-09            
2.8125216e-07  -1.6467002e-09            
2.832053e-07  -1.6381605e-09            
2.8515844e-07  -1.3119331e-09            
2.8711158e-07  -1.3033934e-09            
2.8906472e-07  -1.294658e-09            
2.9101786e-07  -1.2861183e-09            
2.92971e-07  -1.5950706e-09            
2.9492414e-07  -1.9040229e-09            
2.9687728e-07  -2.0847333e-09            
2.9883042e-07  -2.0773604e-09            
3.0078356e-07  -1.8782081e-09            
3.027367e-07  -1.8696684e-09            
3.0468984e-07  -1.860933e-09            
3.0664298e-07  -1.8523933e-09            
3.0859612e-07  -1.7230077e-09            
3.1054926e-07  -1.7155918e-09            
3.125024e-07  -1.7082243e-09            
3.1445554e-07  -1.8179667e-09            
3.1640868e-07  -1.8093034e-09            
3.1836182e-07  -1.8007637e-09            
3.2031496e-07  -1.7920283e-09            
3.222681e-07  -1.7834886e-09            
3.2422124e-07  -1.7749489e-09            
3.2617438e-07  -1.7662135e-09            
3.2812752e-07  -1.7576738e-09            
3.3008066e-07  -1.7491341e-09            
3.320338e-07  -1.7403987e-09            
3.3398694e-07  -1.9447654e-09            
3.3594008e-07  -1.7232556e-09            
3.3789322e-07  -1.9301132e-09            
3.3984636e-07  -1.9226858e-09            
3.417995e-07  -1.5977035e-09            
3.4375264e-07  -1.5904089e-09            
3.4570578e-07  -1.5830544e-09            
3.4765892e-07  -1.671494e-09            
3.4961206e-07  -1.6629544e-09            
3.515652e-07  -1.7477947e-09            
3.5351834e-07  -1.9633669e-09            
3.5547148e-07  -1.9546315e-09            
3.5742462e-07  -1.9460918e-09            
3.5937776e-07  -1.9375522e-09            
3.613309e-07  -2.0160251e-09            
3.6328404e-07  -2.0061866e-09            
3.6523718e-07  -1.9964019e-09            
3.6719032e-07  -1.9864728e-09            
3.6914346e-07  -1.8944623e-09            
3.710966e-07  -1.8857268e-09            
3.7304974e-07  -1.5596952e-09            
3.7500288e-07  -1.5509598e-09            
3.7695602e-07  -1.5424201e-09            
3.7890916e-07  -1.5338336e-09            
3.808623e-07  -1.282357e-09            
3.8281544e-07  -1.2724218e-09            
3.8476858e-07  -1.5078699e-09            
3.8672172e-07  -1.4993302e-09            
3.8867486e-07  -1.5605143e-09            
3.90628e-07  -1.550576e-09            
3.9258114e-07  -1.540749e-09            
3.9453428e-07  -1.7824677e-09            
3.9648742e-07  -1.773928e-09            
3.9844056e-07  -1.7651926e-09            
4.003937e-07  -1.7566529e-09            
4.0234684e-07  -1.7481132e-09            
4.0429998e-07  -1.481649e-09            
4.0625312e-07  -1.7308381e-09            
4.0820626e-07  -1.7222631e-09            
4.101594e-07  -1.7696255e-09            
4.1211254e-07  -2.0225153e-09            
4.1406568e-07  -2.0139756e-09            
4.1601882e-07  -2.0054359e-09            
4.1797196e-07  -1.7302563e-09            
4.199251e-07  -1.7203065e-09            
4.2187824e-07  -1.710491e-09            
4.2383138e-07  -1.6533938e-09            
4.2578452e-07  -1.6446583e-09            
4.2773766e-07  -1.680941e-09            
4.296908e-07  -1.6711563e-09            
4.3164394e-07  -1.6612019e-09            
4.3359708e-07  -1.6103039e-09            
4.3555022e-07  -1.6414351e-09            
4.3750336e-07  -1.5930288e-09            
4.394565e-07  -1.864629e-09            
4.4140964e-07  -1.8573122e-09            
4.4336278e-07  -1.8847059e-09            
4.4531592e-07  -2.1602164e-09            
4.4726906e-07  -2.1851185e-09            
4.492222e-07  -2.145433e-09            
4.5117534e-07  -1.8503515e-09            
4.5312848e-07  -1.8418118e-09            
4.5508162e-07  -1.8330763e-09            
4.5703476e-07  -1.7983741e-09            
4.589879e-07  -1.4983093e-09            
4.6094104e-07  -1.4897696e-09            
4.6289418e-07  -1.5034592e-09            
4.6484732e-07  -1.7899865e-09            
4.6680046e-07  -1.8013801e-09            
4.687536e-07  -1.7915831e-09            
4.7070674e-07  -1.7816133e-09            
4.7265988e-07  -1.755632e-09            
4.7461302e-07  -2.0496435e-09            
4.7656616e-07  -2.0423404e-09            
4.785193e-07  -2.0348585e-09            
4.8047244e-07  -2.0387695e-09            
4.8242558e-07  -1.7225088e-09            
4.8437872e-07  -2.0127789e-09            
4.8633186e-07  -2.0054797e-09            
4.88285e-07  -1.6867273e-09            
4.9023814e-07  -1.6781876e-09            
4.9219128e-07  -1.6694522e-09            
4.9414442e-07  -1.6609125e-09            
4.9609756e-07  -1.9698648e-09            
4.980507e-07  -1.9613251e-09            
