============================== SRIM-2013.00 ==============================
==============================================================================
===== TRIMOUT.txt: File of Transmitted / Backscattered / Sputtered Atoms =====
=  This file tabulates the kinetics of ions or atoms leaving the target.     =
=  Column #1: S= Sputtered Atom, B= Backscattered Ion, T= Transmitted Ion.   =
=  Col.#2: Ion Number, Col.#3: Z of atom leaving, Col.#4: Atom energy (eV).  =
=  Col.#5-7: Last location:  X= Depth into target, Y,Z= Transverse axes.     =
=  Col.#8-10: Cosines of final trajectory.                                   =
= *** This data file is in the same format as TRIM.DAT (see manual for uses).=
====== TRIM Calc.=  H(2 MeV) ==> DLC+Au+Cr+Silicon(  730 A) ==================
 Ion  Atom   Energy        Depth       Lateral-Position        Atom Direction      
 Numb Numb    (eV)          X(A)        Y(A)       Z(A)      Cos(X)  Cos(Y) Cos(Z) 
T    1  1 .1997134E+07   7307493E-04  .9923E+00 -.6433E+00   .9999981  .0015748 -.0011262
T    2  1 .1996793E+07   7322808E-04 -.7355E+00 -.5488E+00   .9999934 -.0033557 -.0014037
T    3  1 .1996177E+07   7310506E-04 -.1709E+01 -.2070E+01   .9999867 -.0032649 -.0039970
T    4  1 .1996490E+07   7316318E-04 -.1547E+01 -.2145E+01   .9999986 -.0006258  .0015319
T    5  1 .1996369E+07   7321091E-04  .1116E+01 -.4257E+00   .9999974  .0022672  .0000882
T    6  1 .1997294E+07   7324102E-04  .3392E+00 -.2733E+00   .9999998  .0004625  .0004598
T    7  1 .1997899E+07   7316728E-04  .4349E+00  .1029E+01   .9999968  .0003126  .0025092
T    8  1 .1998057E+07   7315442E-04 -.7167E+00  .2082E+00   .9999990 -.0013834  .0000719
T    9  1 .1997610E+07   7314004E-04  .1831E+01  .8763E+00   .9999938  .0033625  .0010779
T   10  1 .1996554E+07   7316832E-04 -.2280E+01  .1123E+01   .9999905 -.0039080  .0019419
T   11  1 .1997079E+07   7319573E-04 -.1048E+01  .6940E+00   .9999997 -.0001537  .0007703
T   12  1 .1997107E+07   7326482E-04  .4873E+00 -.3982E+00   .9999986  .0014808  .0007841
T   13  1 .1996465E+07   7300202E-04  .9105E+00 -.3512E+00   .9999993  .0001965 -.0012056
T   14  1 .1998081E+07   7309810E-04 -.4573E+00 -.7299E+00   .9999986 -.0011160 -.0012635
T   15  1 .1996771E+07   7319566E-04  .9959E+01  .5979E+01   .9995653  .0244479  .0164806
T   16  1 .1997529E+07   7311553E-04 -.1705E+01 -.5228E-01   .9999919 -.0039916 -.0004373
T   17  1 .1997076E+07   7313742E-04  .1552E+01  .1172E+01   .9999939  .0029522  .0018609
T   18  1 .1997043E+07   7308687E-04 -.1403E+01 -.7177E+00   .9999925 -.0035495 -.0015271
T   19  1 .1997257E+07   7316264E-04 -.2146E+01 -.1213E+01   .9999770 -.0062469 -.0026330
T   20  1 .1996375E+07   7319762E-04  .5918E+00  .2894E-02   .9999971  .0023408  .0005596
T   21  1 .1996538E+07   7303625E-04  .7224E+00  .1924E+00   .9999989  .0012300  .0008438
T   22  1 .1996749E+07   7324340E-04  .6825E+00  .1267E+00   .9999990  .0013241  .0004952
T   23  1 .1997747E+07   7325514E-04  .8911E+00 -.6162E+00   .9999970  .0014903 -.0019202
T   24  1 .1997267E+07   7308069E-04  .7667E-01 -.1149E+01   .9999990  .0008770 -.0010796
T   25  1 .1998011E+07   7317396E-04 -.1918E+00 -.9151E+00   .9999984 -.0013743 -.0011836
T   26  1 .1997313E+07   7310057E-04  .2672E+00  .2259E+00   .9999996  .0008913  .0001133
T   27  1 .1997461E+07   7322783E-04 -.1513E+01  .6631E-01   .9999963 -.0026493 -.0005393
T   28  1 .1997601E+07   7314030E-04  .7185E+00 -.4119E+00   .9999984  .0014956 -.0009525
T   29  1 .1997237E+07   7321685E-04  .5051E+00  .1446E+00   .9999996  .0006461  .0006263
T   30  1 .1997380E+07   7319786E-04 -.1994E+00 -.9917E+00   .9999983 -.0004890 -.0017573
T   31  1 .1996046E+07   7308419E-04 -.5196E+00 -.4473E+00   .9999998  .0000214 -.0006703
T   32  1 .1997589E+07   7302634E-04  .1102E+02  .4142E+01   .9997812  .0197364  .0069276
T   33  1 .1997479E+07   7315776E-04 -.6251E+00 -.5265E+00   .9999991 -.0009634 -.0009727
T   34  1 .1997719E+07   7322830E-04 -.6448E+00  .4474E+00   .9999988 -.0014320  .0005219
T   35  1 .1998161E+07   7318759E-04 -.1125E+01 -.8430E+00   .9999994 -.0009037 -.0006154
T   36  1 .1996585E+07   7310790E-04 -.3750E+01  .1652E+01   .9999690 -.0069515  .0036998
T   37  1 .1996497E+07   7320997E-04  .8038E-01  .2894E+01   .9999788  .0004989  .0064976
T   38  1 .1996015E+07   7303052E-04  .3836E+00 -.1512E+00   .9999971  .0022283 -.0008671
T   39  1 .1998765E+07   7305779E-04 -.9933E+00 -.1139E+01   .9999958 -.0016435 -.0024017
T   40  1 .1998277E+07   7310029E-04  .8807E+00  .1040E+01   .9999980  .0017431  .0009768
T   41  1 .1998207E+07   7301148E-04  .1244E+01 -.3478E+01   .9999777  .0021669 -.0063196
T   42  1 .1997626E+07   7318252E-04 -.1212E+01 -.3591E+00   .9999976 -.0021730 -.0000711
T   43  1 .1997952E+07   7300850E-04  .9545E+00 -.3729E+00   .9999995  .0008205 -.0005153
T   44  1 .1997132E+07   7310584E-04  .2519E+00  .1244E+00   .9999997  .0006340 -.0004435
T   45  1 .1998457E+07   7306126E-04  .5949E+00  .5222E+00   .9999984  .0006563  .0016512
T   46  1 .1996109E+07   7307995E-04 -.3641E+00  .5402E+00   .9999980 -.0012330  .0016032
T   47  1 .1996815E+07   7318499E-04  .2389E+00 -.1430E+01   .9999954  .0001831 -.0030410
T   48  1 .1997349E+07   7322473E-04  .7136E-01 -.8654E+00   .9999988 -.0007394 -.0013433
T   49  1 .1997201E+07   7315083E-04 -.7322E+00  .4647E-01   .9999991 -.0013383  .0001842
T   50  1 .1997159E+07   7306879E-04  .3557E+01 -.6538E+00   .9999752  .0070272 -.0005049
T   51  1 .1998279E+07   7317045E-04  .8185E+00  .5817E+00   .9999990  .0013740  .0003402
T   52  1 .1997196E+07   7312175E-04 -.4124E+00  .8882E+00   .9999978 -.0015914  .0013568
T   53  1 .1996875E+07   7319921E-04 -.4935E+00  .8020E+00   .9999987  .0012295  .0010581
T   54  1 .1998344E+07   7304010E-04  .2340E+00 -.2937E+00   .9999999 -.0000025  .0003876
T   55  1 .1997613E+07   7314196E-04  .3771E+01  .1140E+01   .9999646  .0080940  .0022933
T   56  1 .1997345E+07   7309720E-04  .2152E+01 -.1009E+01   .9999924  .0038098 -.0008447
T   57  1 .1997410E+07   7319443E-04  .3346E+02  .3239E+02   .9968077  .0575609  .0553276
T   58  1 .1995385E+07   7307336E-04  .1985E+00  .6734E-01   .9999999  .0001967 -.0002294
T   59  1 .1996693E+07   7318516E-04 -.3120E+01  .1974E+00   .9999889 -.0046555  .0007353
T   60  1 .1997716E+07   7313904E-04 -.1168E+01 -.3720E+00   .9999970 -.0023749 -.0005777
T   61  1 .1998130E+07   7307801E-04  .9413E+00  .1904E+01   .9999848  .0021396  .0050913
T   62  1 .1996847E+07   7326669E-04 -.3745E+02  .3198E+02   .9961581 -.0665855  .0568799
T   63  1 .1998532E+07   7306485E-04 -.1385E+01  .9128E-01   .9999933 -.0036625 -.0002287
T   64  1 .1997469E+07   7306108E-04  .7202E+00 -.4338E+00   .9999983  .0017107 -.0006337
T   65  1 .1996474E+07   7314888E-04 -.5243E+01 -.1679E+01   .9999581 -.0030184 -.0086427
T   66  1 .1996018E+07   7319683E-04 -.3267E+00  .2250E+00   .9999992 -.0011399  .0004617
T   67  1 .1997527E+07   7308531E-04 -.8242E+00 -.4960E+00   .9999973 -.0020465 -.0011310
T   68  1 .1995863E+07   7302826E-04 -.9824E+00  .1196E+01   .9999900 -.0026284  .0036294
T   69  1 .1998018E+07   7327109E-04 -.6203E+00 -.1042E+01   .9999972 -.0016217 -.0017243
T   70  1 .1997820E+07   7311842E-04 -.3975E+00 -.2717E+00   .9999998 -.0002228 -.0005606
T   71  1 .1998169E+07   7302383E-04 -.4948E-01  .8031E+00   .9999980 -.0002062  .0019951
T   72  1 .1995633E+07   7301764E-04 -.4500E+00  .1072E+00   .9999985 -.0016132 -.0005942
T   73  1 .1997769E+07   7316249E-04  .6330E-01 -.3288E+00   .9999997  .0002818 -.0007430
T   74  1 .1995843E+07   7301360E-04  .8244E+00 -.9018E+00   .9999970  .0011324 -.0021933
T   75  1 .1997198E+07   7300119E-04  .1467E+01  .3635E+00   .9999865  .0048215  .0019319
T   76  1 .1997701E+07   7324981E-04 -.4242E+00  .4639E+00   .9999995 -.0007378  .0006095
T   77  1 .1999302E+07   7314842E-04 -.6210E+00  .5046E+00   .9999974 -.0008052  .0021286
T   78  1 .1996578E+07   7305537E-04 -.2843E+01  .7828E+00   .9999850 -.0052863  .0014280
T   79  1 .1996482E+07   7319789E-04  .2999E+00  .6770E+00   .9999992  .0008327  .0009808
T   80  1 .1996775E+07   7323524E-04  .2823E+00  .5696E+00   .9999999  .0003869  .0000778
T   81  1 .1998442E+07   7308866E-04 -.5432E+00  .1147E+01   .9999976 -.0007759  .0020416
T   82  1 .1997131E+07   7310709E-04  .1066E+02  .3275E+01   .9998522  .0165966  .0044849
T   83  1 .1997459E+07   7306113E-04 -.7067E+01  .1155E+01   .9998954 -.0139827  .0037026
T   84  1 .1997000E+07   7322684E-04 -.1093E+01  .4161E+00   .9999967 -.0025513 -.0002427
T   85  1 .1998144E+07   7310746E-04 -.1111E+01 -.1130E+01   .9999936 -.0024016 -.0026368
T   86  1 .1996335E+07   7310683E-04  .5441E+00 -.5888E+00   .9999994  .0005718 -.0009284
T   87  1 .1997296E+07   7313537E-04  .1711E+01  .4536E-01   .9999953  .0030319 -.0003501
T   88  1 .1997317E+07   7308285E-04  .1151E+01 -.2158E+00   .9999967  .0025871 -.0000049
T   89  1 .1996697E+07   7311676E-04 -.1525E+01 -.1095E+01   .9999957 -.0023452 -.0017674
T   90  1 .1997532E+07   7306143E-04  .1082E+01 -.4948E+00   .9999981  .0016672 -.0010508
T   91  1 .1996620E+07   7317269E-04 -.3415E+01  .2680E+01   .9999584 -.0066801  .0062059
T   92  1 .1997849E+07   7326176E-04 -.3296E+00 -.3217E+00   .9999998 -.0006138 -.0001739
T   93  1 .1998384E+07   7323181E-04  .6274E+00 -.1601E+01   .9999935  .0017996 -.0031252
T   94  1 .1995932E+07   7311845E-04  .2432E+00  .9511E+00   .9999971  .0001011  .0024098
T   95  1 .1996801E+07   7323423E-04  .2790E+01  .3029E+01   .9999748  .0050907  .0049513
T   96  1 .1996501E+07   7305423E-04 -.3387E+00  .1440E+01   .9999950 -.0019140  .0025163
T   97  1 .1997294E+07   7317808E-04  .7186E+00  .8252E+00   .9999980  .0007870  .0018414
T   98  1 .1997963E+07   7309132E-04  .5267E+00 -.9311E+00   .9999979  .0003772 -.0020020
T   99  1 .1998532E+07   7315646E-04 -.9970E+00  .1618E+01   .9999900 -.0022088  .0038860
T  100  1 .1996846E+07   7320030E-04 -.6155E+00  .4517E+00   .9999995  .0003124 -.0009244
T  101  1 .1997509E+07   7300552E-04  .4604E+00 -.6005E-02   .9999975  .0006838  .0021148
T  102  1 .1996710E+07   7319580E-04  .5447E+00 -.3308E+00   .9999967  .0021178 -.0014293
T  103  1 .1997811E+07   7321303E-04 -.5396E+01  .4767E+00   .9999490 -.0097750  .0025306
T  104  1 .1996997E+07   7319284E-04 -.1145E+01  .1712E+01   .9999632 -.0042232  .0074713
T  105  1 .1997712E+07   7325464E-04  .2627E+00 -.1121E+01   .9999933  .0014963 -.0033440
T  106  1 .1997539E+07   7314149E-04 -.2634E+01 -.1335E+01   .9999826 -.0050362 -.0030621
T  107  1 .1997848E+07   7323850E-04  .5934E+00  .3907E-01   .9999999  .0000983  .0003232
T  108  1 .1996694E+07   7313186E-04  .7810E+00 -.4113E+00   .9999910  .0034916  .0024114
T  109  1 .1998591E+07   7313595E-04 -.1071E+01 -.5729E+00   .9999980 -.0015072 -.0012820
T  110  1 .1997474E+07   7321286E-04 -.3876E+00 -.1595E+01   .9999963 -.0000274 -.0027345
T  111  1 .1996135E+07   7304058E-04 -.1608E+01 -.7964E+00   .9999946 -.0030434 -.0012238
T  112  1 .1997941E+07   7307717E-04 -.1037E+00  .1929E+00   .9999991  .0013423  .0002239
T  113  1 .1997135E+07   7315694E-04 -.2761E+01 -.3155E+01   .9999868 -.0029803 -.0041929
T  114  1 .1997978E+07   7319120E-04  .1482E+01 -.2192E+00   .9999986  .0016380  .0003117
T  115  1 .1996317E+07   7317264E-04 -.1858E+00  .5907E+00   .9999965  .0015925  .0021113
T  116  1 .1997986E+07   7326856E-04 -.2920E+00 -.6153E+00   .9999994 -.0005593 -.0009071
T  117  1 .1997042E+07   7314076E-04 -.8303E+00  .2882E+01   .9999887 -.0006138  .0047035
T  118  1 .1998211E+07   7325437E-04 -.4978E+00 -.2812E+00   .9999961 -.0011598 -.0025491
T  119  1 .1996351E+07   7314093E-04 -.8960E-02  .1113E+00   .9999999 -.0000081  .0000267
T  120  1 .1997279E+07   7325873E-04  .3681E+01 -.7100E+00   .9999748  .0069865 -.0012239
T  121  1 .1996925E+07   7309629E-04 -.1977E+00  .4933E+00   .9999995 -.0008756  .0004501
T  122  1 .1998068E+07   7300461E-04  .9771E+00  .4196E+00   .9999973  .0023091  .0000398
T  123  1 .1997556E+07   7309372E-04 -.1527E+00 -.1315E+01   .9999986  .0008105 -.0014904
T  124  1 .1998935E+07   7307116E-04 -.2083E+01  .2131E+02   .9993452 -.0034128  .0360216
T  125  1 .1998291E+07   7300340E-04 -.1808E+01  .5338E+00   .9999925 -.0033582  .0019211
T  126  1 .1997744E+07   7308514E-04 -.7389E+00  .8132E+00   .9999994 -.0007527  .0007492
T  127  1 .1997375E+07   7304841E-04 -.3706E+01 -.2574E+01   .9999564 -.0075212 -.0055419
T  128  1 .1996099E+07   7322355E-04  .1922E+01  .1760E+01   .9999910  .0031029  .0029038
T  129  1 .1997081E+07   7307822E-04 -.7581E+01  .1692E+01   .9997709 -.0208761  .0047306
T  130  1 .1997399E+07   7310966E-04  .1846E+01 -.6311E-01   .9999802  .0062938  .0000649
T  131  1 .1998142E+07   7323335E-04  .1080E+01  .2804E+01   .9999853  .0026152  .0047402
T  132  1 .1998066E+07   7323856E-04  .2338E+00 -.6829E+00   .9999987  .0000538 -.0016067
T  133  1 .1998608E+07   7317222E-04 -.1028E+01  .6683E+00   .9999963 -.0024560  .0011768
T  134  1 .1997344E+07   7313891E-04 -.1903E+01  .1034E+01   .9999949 -.0026148  .0018577
T  135  1 .1998132E+07   7312577E-04 -.1945E+00  .7261E+00   .9999997 -.0002653  .0007044
T  136  1 .1997427E+07   7321249E-04 -.9173E-01 -.5820E+00   .9999994 -.0011052 -.0000558
T  137  1 .1996165E+07   7309157E-04 -.9459E+00 -.1958E+00   .9999957 -.0024652 -.0015896
T  138  1 .1996902E+07   7312309E-04 -.6347E+00 -.5201E+00   .9999946 -.0031444 -.0009923
T  139  1 .1996717E+07   7327106E-04 -.1017E+01 -.1517E+01   .9999913 -.0010631 -.0040431
T  140  1 .1996751E+07   7320773E-04 -.2310E+01 -.8205E+00   .9999924 -.0032309 -.0021873
T  141  1 .1998032E+07   7316500E-04 -.1543E+01 -.2053E+00   .9999952 -.0030898 -.0000078
T  142  1 .1997153E+07   7320463E-04 -.7024E+00  .3741E+00   .9999999 -.0005102  .0000457
T  143  1 .1997989E+07   7306727E-04 -.9207E+00 -.9389E+00   .9999982 -.0011167 -.0015641
T  144  1 .1995753E+07   7302416E-04  .7335E+00  .8725E+00   .9999972  .0007854  .0022232
T  145  1 .1996819E+07   7317559E-04 -.4446E+00 -.8621E+00   .9999993 -.0003246 -.0011398
T  146  1 .1996995E+07   7313933E-04 -.1521E+01  .1204E+01   .9999933 -.0024906  .0026696
T  147  1 .1998033E+07   7320265E-04  .3691E+00  .8225E+00   .9999976  .0014554  .0016480
T  148  1 .1996436E+07   7311773E-04  .9108E+00 -.4043E+00   .9999972  .0014919 -.0018298
T  149  1 .1996289E+07   7319359E-04 -.9208E+00  .9764E-01   .9999996 -.0004615  .0007160
T  150  1 .1996469E+07   7302832E-04  .3558E+00  .1116E+01   .9999987 -.0001615  .0016186
T  151  1 .1997187E+07   7306111E-04  .4449E+00 -.3685E+01   .9999810  .0007493 -.0061160
T  152  1 .1998122E+07   7306104E-04  .6706E-01  .5472E+00   .9999995 -.0002041  .0009423
T  153  1 .1998142E+07   7320141E-04  .1430E+01  .3764E+00   .9999926  .0033748 -.0018430
T  154  1 .1997312E+07   7300221E-04 -.3305E+00  .3768E+01   .9999849 -.0016294  .0052403
T  155  1 .1997114E+07   7306816E-04  .5345E+00  .2073E+00   .9999992  .0009224 -.0008988
T  156  1 .1997821E+07   7324687E-04 -.6643E+00 -.2709E+01   .9999889 -.0006850 -.0046606
T  157  1 .1996969E+07   7301131E-04  .1271E+00  .3781E+00   .9999999  .0002163  .0001170
T  158  1 .1995978E+07   7310272E-04  .4889E+00 -.6061E+00   .9999990  .0011741 -.0007505
T  159  1 .1997633E+07   7312034E-04 -.8860E+00 -.2197E+00   .9999984 -.0017084  .0006073
T  160  1 .1998171E+07   7315592E-04  .1435E+01 -.9274E+00   .9999930  .0030940 -.0021043
T  161  1 .1996521E+07   7306724E-04  .4983E-01  .1508E+01   .9999964  .0001285  .0026735
T  162  1 .1998375E+07   7305891E-04 -.1540E+01 -.7306E+00   .9999942 -.0025336 -.0022884
T  163  1 .1997529E+07   7327017E-04 -.5670E+00  .1592E+01   .9999960 -.0012709  .0025401
T  164  1 .1996921E+07   7303362E-04  .5557E+01  .4009E+01   .9999262  .0101125  .0067300
T  165  1 .1996205E+07   7310442E-04 -.8572E+00  .6016E+00   .9999966 -.0009143  .0024229
T  166  1 .1997344E+07   7326187E-04  .9809E-01 -.2395E+00   .9999996  .0007881 -.0004957
T  167  1 .1996746E+07   7314168E-04 -.4459E-01 -.4451E+00   .9999976 -.0002089 -.0021671
T  168  1 .1996249E+07   7322529E-04 -.1043E+01 -.2447E+00   .9999962 -.0027563 -.0003166
T  169  1 .1996267E+07   7317172E-04 -.6725E+00 -.3761E+00   .9999988 -.0015457 -.0003094
T  170  1 .1997933E+07   7309089E-04  .1937E+01  .1273E+01   .9999900  .0037794  .0023787
T  171  1 .1997104E+07   7325062E-04 -.1153E+00 -.1178E+01   .9999957  .0007483 -.0028519
T  172  1 .1996087E+07   7307938E-04  .1642E+01  .2783E+00   .9999956  .0028310  .0009046
T  173  1 .1996872E+07   7322920E-04 -.3373E+00  .2493E+00   .9999999 -.0003307  .0002588
T  174  1 .1997608E+07   7302456E-04 -.3255E+00 -.3930E+00   .9999992 -.0001257 -.0012950
T  175  1 .1995794E+07   7305086E-04  .8650E+00  .2512E+00   .9999981  .0019496 -.0000267
T  176  1 .1997766E+07   7323629E-04 -.1460E+01  .1766E+01   .9999919 -.0024400  .0032060
T  177  1 .1998002E+07   7315098E-04  .4196E+00 -.4692E+00   .9999984  .0004191 -.0017536
T  178  1 .1996984E+07   7305068E-04 -.3261E+01 -.3475E+01   .9999628 -.0065045 -.0056572
T  179  1 .1997921E+07   7302990E-04  .5572E+00 -.5141E+00   .9999997  .0008063 -.0000113
T  180  1 .1997236E+07   7321383E-04  .9470E+00 -.2103E+01   .9999929  .0014077 -.0034871
T  181  1 .1996238E+07   7302412E-04 -.1151E+00 -.3376E+00   .9999983 -.0017971  .0004412
T  182  1 .1997332E+07   7310973E-04  .6020E+00  .9038E+00   .9999982  .0010132  .0015784
T  183  1 .1997722E+07   7321601E-04  .9751E-01 -.1046E+01   .9999983  .0004350 -.0017769
T  184  1 .1998574E+07   7325821E-04 -.7047E+00 -.3344E+00   .9999992 -.0012465 -.0002122
T  185  1 .1998097E+07   7306643E-04 -.2437E+00  .8721E+00   .9999979 -.0010135  .0017752
T  186  1 .1997019E+07   7320967E-04 -.9686E+00 -.8672E+00   .9999960 -.0022232 -.0017307
T  187  1 .1998161E+07   7319059E-04  .2084E+00  .7804E+00   .9999997  .0005051  .0006128
T  188  1 .1996865E+07   7319517E-04  .4420E+00 -.9666E+00   .9999970  .0009677 -.0022303
T  189  1 .1997764E+07   7327038E-04 -.1961E+01 -.4038E+01   .9999705 -.0024057 -.0072966
T  190  1 .1995944E+07   7303920E-04 -.9391E+00  .1159E+01   .9999953 -.0012751  .0027746
T  191  1 .1997439E+07   7319557E-04  .1269E+01 -.1195E-01   .9999948  .0030758 -.0009483
T  192  1 .1996792E+07   7320823E-04 -.1417E+01  .5884E+00   .9999958 -.0027097  .0010514
T  193  1 .1996293E+07   7325732E-04 -.2471E+01 -.5930E+00   .9999849 -.0049200 -.0024279
T  194  1 .1996184E+07   7321929E-04 -.5717E-01 -.5792E+00   .9999996  .0001920 -.0008919
T  195  1 .1998007E+07   7325519E-04 -.4266E+01 -.2777E+01   .9999491 -.0081372 -.0059663
T  196  1 .1997617E+07   7316360E-04 -.4214E+01 -.4311E+00   .9999664 -.0081917  .0001508
T  197  1 .1996965E+07   7321987E-04 -.1727E+01 -.1773E+01   .9999920 -.0024199 -.0031710
T  198  1 .1997068E+07   7325705E-04  .1728E+01 -.3757E+00   .9999926  .0037655 -.0008248
T  199  1 .1997628E+07   7312977E-04  .1117E+01  .3082E+00   .9999978  .0021123  .0001215
T  200  1 .1996358E+07   7324528E-04  .5569E+00 -.5106E+00   .9999980  .0016303 -.0011953
T  201  1 .1997167E+07   7324755E-04  .5140E+00  .9003E+00   .9999971  .0014716  .0019270
T  202  1 .1998804E+07   7324274E-04  .1369E+00 -.9391E+00   .9999984 -.0001485 -.0018071
T  203  1 .1997632E+07   7307214E-04  .1908E+01 -.8626E+00   .9999947  .0031851 -.0007358
T  204  1 .1997680E+07   7326299E-04  .8448E+00 -.1791E+00   .9999993  .0011272  .0003219
T  205  1 .1996989E+07   7305006E-04  .2092E+00 -.2852E+00   .9999999 -.0001060 -.0004522
T  206  1 .1997160E+07   7318055E-04 -.2483E+01  .3729E+00   .9999945 -.0031596  .0010485
T  207  1 .1996780E+07   7307143E-04  .2566E+01  .4723E+00   .9998432  .0154727  .0086142
T  208  1 .1997064E+07   7305523E-04 -.8513E+00 -.1260E+01   .9999933 -.0031602 -.0018361
T  209  1 .1997825E+07   7309585E-04 -.1981E+00 -.1577E+00   .9999999 -.0002716 -.0003520
T  210  1 .1996409E+07   7327172E-04  .2243E+01 -.8679E+00   .9999911  .0037979 -.0018263
T  211  1 .1996441E+07   7301517E-04  .6526E+01  .1400E+01   .9999308  .0113283  .0031576
T  212  1 .1997894E+07   7317521E-04 -.1355E+01 -.7410E+00   .9999969 -.0019355 -.0015930
T  213  1 .1998701E+07   7315579E-04 -.8662E+00 -.7406E+00   .9999998 -.0005280 -.0003112
T  214  1 .1997862E+07   7325286E-04  .3031E+00  .2085E+00   .9999993  .0009573  .0006918
T  215  1 .1997193E+07   7301835E-04 -.1378E+00 -.2406E+01   .9999893 -.0004595 -.0045978
T  216  1 .1997388E+07   7324918E-04  .1530E+01  .1449E+00   .9999936  .0035809  .0001811
T  217  1 .1996775E+07   7321595E-04 -.7636E+00  .4809E+00   .9999969 -.0021483  .0012958
T  218  1 .1996959E+07   7312169E-04 -.1023E+01  .9949E+00   .9999976 -.0007672  .0020418
T  219  1 .1996417E+07   7303323E-04 -.1589E+00 -.9660E+00   .9999982 -.0004628 -.0018626
T  220  1 .1996732E+07   7314595E-04 -.3448E-01 -.7268E+00   .9999991 -.0001499 -.0013163
T  221  1 .1997554E+07   7322293E-04 -.1359E+01  .4154E+00   .9999963 -.0027231  .0001877
T  222  1 .1997303E+07   7323809E-04  .1095E+01 -.3638E+00   .9999930  .0032454 -.0018743
T  223  1 .1997919E+07   7322010E-04  .3967E+00 -.6147E+00   .9999993  .0006968 -.0009179
T  224  1 .1996866E+07   7319539E-04  .8133E+00  .2641E+00   .9999986  .0010931  .0012953
T  225  1 .1997239E+07   7313007E-04  .1920E+00  .7052E+00   .9999984 -.0012623 -.0012544
T  226  1 .1996776E+07   7325677E-04  .8849E+00 -.1195E+01   .9999966  .0010858 -.0023882
T  227  1 .1997574E+07   7324384E-04 -.7650E+00  .7111E+00   .9999985 -.0013351  .0010582
T  228  1 .1997571E+07   7318120E-04 -.8309E-01  .1794E+00   .9999995 -.0006326  .0007112
T  229  1 .1996536E+07   7310331E-04  .3488E+00 -.1397E+01   .9999976  .0001456 -.0021682
T  230  1 .1996369E+07   7308632E-04 -.4193E+00 -.1206E+01   .9999968 -.0005770 -.0024679
T  231  1 .1996841E+07   7316570E-04  .6044E+00 -.2691E+00   .9999999 -.0000900  .0002227
T  232  1 .1997121E+07   7324767E-04  .3920E+01  .2712E+01   .9999652  .0069737  .0045801
T  233  1 .1997318E+07   7326878E-04 -.4008E+00 -.9009E+00   .9999988 -.0006784 -.0013749
T  234  1 .1996696E+07   7322922E-04  .1736E+01  .5172E+00   .9999904  .0043061  .0007568
T  235  1 .1997298E+07   7321106E-04  .3667E+00  .2408E+00   .9999990  .0010775  .0009096
T  236  1 .1996744E+07   7319387E-04  .9681E+00  .7194E+00   .9999996  .0008153 -.0003546
T  237  1 .1998337E+07   7311970E-04 -.1301E+00  .9930E+00   .9999975  .0008217  .0020851
T  238  1 .1996697E+07   7313441E-04  .2784E+00  .9076E+00   .9999981  .0008776  .0017141
T  239  1 .1997390E+07   7305965E-04 -.1515E+01 -.7822E+00   .9999939 -.0032285 -.0013100
T  240  1 .1996313E+07   7304839E-04  .9640E+00  .4734E+00   .9999994  .0010176  .0002918
T  241  1 .1997120E+07   7313583E-04 -.1508E+01  .6917E+00   .9999970 -.0018556  .0015820
T  242  1 .1996283E+07   7318976E-04  .6294E+00 -.1372E+01   .9999934  .0003005 -.0036337
T  243  1 .1997762E+07   7312330E-04  .8328E+00  .6327E+00   .9999974  .0017920  .0014225
T  244  1 .1997988E+07   7326151E-04 -.2841E+01 -.9256E+00   .9999871 -.0037379 -.0034372
T  245  1 .1997599E+07   7307509E-04  .5786E+00 -.5589E+01   .9999380  .0017247 -.0110031
T  246  1 .1997778E+07   7324760E-04 -.2712E+00 -.1226E+01   .9999964 -.0010301 -.0024638
T  247  1 .1998023E+07   7310209E-04 -.2266E+00 -.7828E+00   .9999982 -.0011089 -.0015193
T  248  1 .1997337E+07   7326673E-04 -.1042E+01 -.2582E+00   .9999966 -.0026177 -.0001925
T  249  1 .1997817E+07   7304652E-04 -.1145E+00  .1071E+01   .9999988 -.0010061  .0012129
T  250  1 .1996894E+07   7318614E-04  .5982E+00  .5448E+00   .9999989  .0010902  .0010044
T  251  1 .1997665E+07   7321006E-04  .3647E+00  .3116E+00   .9999935  .0023231  .0027464
T  252  1 .1998119E+07   7325668E-04  .3468E+01  .1034E+01   .9999833  .0056268  .0013431
T  253  1 .1996244E+07   7316236E-04 -.2695E+00  .5661E+00   .9999989 -.0011795 -.0008891
T  254  1 .1996777E+07   7311872E-04 -.2358E+01 -.4007E+01   .9999611 -.0039829 -.0078695
T  255  1 .1997840E+07   7319667E-04  .1770E+00 -.1240E+01   .9999985  .0005914 -.0016259
T  256  1 .1997965E+07   7307429E-04 -.7505E-01  .2047E+01   .9999901 -.0011887  .0042937
T  257  1 .1996982E+07   7322401E-04  .5416E+01  .3630E+01   .9999377  .0090653  .0065141
T  258  1 .1997250E+07   7302148E-04  .1162E+00  .1959E+00   .9999996  .0008789  .0002906
T  259  1 .1998112E+07   7319465E-04 -.9412E-01  .6320E+00   .9999986 -.0009527  .0014009
T  260  1 .1996261E+07   7311608E-04 -.3030E+00 -.1003E+01   .9999992 -.0001735 -.0012347
T  261  1 .1997119E+07   7300181E-04  .5663E+00  .1179E+01   .9999904  .0022251  .0037793
T  262  1 .1997432E+07   7316550E-04 -.6765E+00  .1492E+01   .9999950 -.0010396  .0029814
T  263  1 .1996880E+07   7309345E-04  .5967E+00 -.3478E+00   .9999948  .0031996 -.0004139
T  264  1 .1996917E+07   7302191E-04 -.6886E+02  .5591E+02   .9888387 -.1165316  .0928357
T  265  1 .1997679E+07   7318215E-04 -.1906E+00 -.1926E+00   .9999999  .0000813 -.0001280
T  266  1 .1997072E+07   7313036E-04  .2573E+01  .2252E+01   .9999889  .0036642  .0029502
T  267  1 .1996497E+07   7319935E-04 -.2563E+01 -.2519E+01   .9999811 -.0042842 -.0044144
T  268  1 .1996494E+07   7325208E-04  .1197E+00  .7534E+00   .9999984 -.0002137  .0017638
T  269  1 .1997012E+07   7318151E-04  .1189E+01 -.1058E+01   .9999981  .0011809 -.0015556
T  270  1 .1997013E+07   7302085E-04 -.1803E+01 -.1885E+01   .9999757 -.0057424 -.0039583
T  271  1 .1997790E+07   7308652E-04 -.8532E+00  .6993E+00   .9999943 -.0014376 -.0030648
T  272  1 .1996801E+07   7311293E-04  .9877E+00 -.5430E-01   .9999988  .0014789 -.0005178
T  273  1 .1996915E+07   7314085E-04 -.4733E+00  .5113E+00   .9999997 -.0003244  .0006314
T  274  1 .1996584E+07   7309750E-04 -.7137E+00 -.1055E+01   .9999984 -.0010649 -.0014397
T  275  1 .1997648E+07   7327086E-04 -.1040E+01  .1006E+00   .9999978 -.0018410  .0009587
T  276  1 .1997609E+07   7312951E-04 -.1498E+00 -.2248E+00   .9999999  .0000743 -.0002710
T  277  1 .1998951E+07   7314835E-04 -.1092E+01 -.1470E+01   .9999911 -.0021153 -.0036427
T  278  1 .1997558E+07   7319299E-04  .1196E+01 -.8634E+01   .9998770  .0026611 -.0154556
T  279  1 .1995973E+07   7326788E-04 -.4293E+00 -.3067E+00   .9999996 -.0003292 -.0008481
T  280  1 .1996939E+07   7315941E-04 -.2807E-01 -.6035E+00   .9999987  .0003358 -.0015957
T  281  1 .1997796E+07   7305823E-04 -.1065E+01 -.1166E+01   .9999974 -.0016932 -.0015375
T  282  1 .1995795E+07   7324500E-04 -.1575E+01 -.1204E+00   .9999945 -.0033069 -.0002536
T  283  1 .1997238E+07   7323711E-04  .1355E+00  .8112E-01   .9999971 -.0005703 -.0023565
T  284  1 .1997590E+07   7326934E-04  .9360E+00 -.1275E+01   .9999914  .0012721 -.0039389
T  285  1 .1998052E+07   7310292E-04  .2725E+00  .1014E+00   .9999996  .0008758 -.0002522
T  286  1 .1997094E+07   7320636E-04  .9748E+00 -.5108E+00   .9999953  .0020855 -.0022259
T  287  1 .1997497E+07   7301953E-04  .2503E+00  .8413E-01   .9999999  .0002028  .0001356
T  288  1 .1997823E+07   7307939E-04 -.3390E+00 -.6597E+00   .9999989 -.0003778 -.0014106
T  289  1 .1997522E+07   7311432E-04 -.2628E+00  .1447E+00   .9999995 -.0008196  .0005125
T  290  1 .1997358E+07   7309047E-04 -.1366E+01  .2591E+00   .9999909 -.0041239  .0010617
T  291  1 .1997605E+07   7316077E-04  .3521E+00 -.6181E-01   .9999995 -.0004914 -.0008991
T  292  1 .1997838E+07   7326368E-04  .3365E+00 -.7261E+00   .9999995  .0005506 -.0008221
T  293  1 .1995990E+07   7315302E-04 -.5734E+00  .5321E+00   .9999973 -.0014564  .0018312
T  294  1 .1997102E+07   7305380E-04 -.1445E+01  .1536E+00   .9999965 -.0026427 -.0002440
T  295  1 .1997894E+07   7315537E-04  .2396E-01  .2154E+01   .9999893  .0007675  .0045539
T  296  1 .1997689E+07   7322281E-04 -.2353E+00  .1093E+01   .9999988 -.0009502  .0012621
T  297  1 .1996330E+07   7318344E-04  .1225E+01 -.6408E+00   .9999944  .0019457 -.0027071
T  298  1 .1997899E+07   7315460E-04  .1500E+01 -.3291E+00   .9999954  .0023474 -.0018957
T  299  1 .1996644E+07   7325077E-04  .2387E+00  .1104E+01   .9999985  .0005445  .0016738
T  300  1 .1997284E+07   7324869E-04 -.1533E+01 -.8621E+00   .9999965 -.0015067 -.0021566
T  301  1 .1997323E+07   7309205E-04 -.1019E+01  .5999E+00   .9999973 -.0022634  .0004277
T  302  1 .1997772E+07   7322171E-04 -.1065E+01  .9503E+00   .9999966 -.0020915  .0015321
T  303  1 .1997867E+07   7323474E-04  .1411E+00 -.2360E+00   .9999996  .0003796 -.0008445
T  304  1 .1997504E+07   7325302E-04 -.1339E+01 -.1410E+01   .9999895 -.0031205 -.0033419
T  305  1 .1996867E+07   7319807E-04 -.2576E+00 -.9621E+00   .9999990 -.0003592 -.0013522
T  306  1 .1997460E+07   7316506E-04 -.1164E+01  .1455E+01   .9999943 -.0012029  .0031559
T  307  1 .1996712E+07   7319361E-04 -.6629E+00  .1994E+01   .9999919 -.0010745  .0038703
T  308  1 .1998161E+07   7315662E-04 -.1464E+01  .1603E+01   .9999924 -.0027601  .0027571
T  309  1 .1996279E+07   7316334E-04  .1289E+00 -.4886E-02   .9999999  .0001914 -.0003342
T  310  1 .1996696E+07   7324688E-04 -.6081E+00  .5450E+00   .9999994 -.0011234  .0001575
T  311  1 .1998315E+07   7315471E-04  .1032E+01  .1118E+00   .9999976  .0021585  .0002525
T  312  1 .1997606E+07   7316351E-04  .3348E+00  .1349E+00   .9999996  .0008505 -.0002697
T  313  1 .1996672E+07   7326443E-04  .1160E+01 -.1377E+01   .9999818  .0046912 -.0038048
T  314  1 .1997899E+07   7322916E-04  .8000E-02 -.6694E+00   .9999996 -.0005275 -.0007781
T  315  1 .1998154E+07   7307286E-04 -.5580E+00  .8405E+00   .9999988 -.0014766  .0003726
T  316  1 .1998270E+07   7309989E-04  .2023E+01 -.3041E+01   .9999779  .0038645 -.0054026
T  317  1 .1996914E+07   7315438E-04 -.1347E+01  .5424E-01   .9999966 -.0024909  .0007867
T  318  1 .1997668E+07   7321685E-04 -.7205E-01  .3414E+00   .9999996 -.0008632 -.0001090
T  319  1 .1997704E+07   7317141E-04  .4892E+00  .1453E+00   .9999995  .0005733  .0008627
T  320  1 .1996813E+07   7318742E-04 -.9812E+00  .3508E+00   .9999976 -.0020473  .0007981
T  321  1 .1997426E+07   7311132E-04 -.7824E+00  .3843E+00   .9999979 -.0019561  .0006098
T  322  1 .1996438E+07   7325448E-04 -.1248E+00 -.1551E+01   .9999960  .0002460 -.0028333
T  323  1 .1996786E+07   7302105E-04  .5047E+01  .1060E+01   .9999657  .0080456  .0019729
T  324  1 .1996892E+07   7312006E-04 -.4732E+01  .5071E+00   .9999730 -.0073024  .0008212
T  325  1 .1998158E+07   7315233E-04 -.3310E+00  .1150E+01   .9999988 -.0007441  .0013570
T  326  1 .1998092E+07   7320389E-04  .2636E+00  .1187E+01   .9999974  .0007063  .0021861
T  327  1 .1996137E+07   7303603E-04 -.3044E+00 -.1157E+01   .9999967 -.0007693 -.0024504
T  328  1 .1997093E+07   7304336E-04  .2674E+00  .1062E+01   .9999944  .0019678  .0026891
T  329  1 .1996041E+07   7319600E-04  .1127E+01 -.6382E+00   .9999999  .0004884 -.0000207
T  330  1 .1998042E+07   7321978E-04 -.7263E-01 -.5228E+00   .9999981  .0003501 -.0019099
T  331  1 .1996401E+07   7307322E-04  .8038E+00 -.4065E+01   .9999513  .0037057 -.0091486
T  332  1 .1996811E+07   7326228E-04  .1501E+01  .1115E+01   .9999963  .0023070  .0014583
T  333  1 .1995194E+07   7309107E-04 -.1233E+01  .1355E+01   .9999684 -.0044277  .0066089
T  334  1 .1998111E+07   7321388E-04  .4478E+01 -.7133E+01   .9998718  .0090374 -.0132158
T  335  1 .1996399E+07   7300032E-04 -.6472E+00  .4033E+00   .9999982 -.0018285  .0005036
T  336  1 .1997117E+07   7315736E-04 -.1960E+01 -.6393E+01   .9999411 -.0050123 -.0096248
T  337  1 .1996889E+07   7324385E-04 -.4855E+00 -.1035E+01   .9999838 -.0037026 -.0043278
T  338  1 .1996053E+07   7322886E-04  .3345E+00 -.3742E+00   .9999876  .0015998 -.0047256
T  339  1 .1998053E+07   7320157E-04  .1053E+01  .3075E+01   .9999859  .0010014  .0052123
T  340  1 .1997254E+07   7318145E-04  .4227E+00 -.4225E+00   .9999997  .0001295 -.0008236
T  341  1 .1997488E+07   7326205E-04  .1651E+00 -.6855E+00   .9999962 -.0000014 -.0027711
T  342  1 .1997080E+07   7325880E-04  .5532E+00 -.1843E+00   .9999984  .0016155 -.0007225
T  343  1 .1996631E+07   7326371E-04  .1413E+01  .3273E+00   .9999938  .0031328  .0016060
T  344  1 .1997735E+07   7321108E-04 -.2150E+00 -.1173E+01   .9999918 -.0012124 -.0038534
T  345  1 .1997042E+07   7326566E-04  .3656E+00 -.1467E+00   .9999998  .0006327 -.0000494
T  346  1 .1997088E+07   7314597E-04 -.4276E+00  .3059E+00   .9999992 -.0012499  .0000953
T  347  1 .1996116E+07   7300210E-04  .7793E+00  .5271E+00   .9999974  .0018101  .0014052
T  348  1 .1997561E+07   7324259E-04  .1278E+01 -.4780E+00   .9999963  .0025984 -.0008069
T  349  1 .1997069E+07   7322864E-04 -.1769E+01  .1370E+01   .9999957 -.0022460  .0019115
T  350  1 .1997257E+07   7320311E-04  .5202E-01  .2001E-01   .9999998  .0005084 -.0004309
T  351  1 .1997217E+07   7308807E-04  .3109E+00 -.1423E+00   .9999999  .0002798  .0002317
T  352  1 .1995667E+07   7310830E-04  .8766E+00  .1794E+01   .9999916  .0020355  .0035479
T  353  1 .1997010E+07   7316740E-04  .3401E-01  .1829E+00   .9999999  .0003669 -.0001672
T  354  1 .1996004E+07   7311910E-04 -.9408E+00  .1102E+00   .9999986 -.0016504 -.0001252
T  355  1 .1997439E+07   7320970E-04 -.1141E+01 -.7400E+00   .9999969 -.0022109 -.0011756
T  356  1 .1996477E+07   7325750E-04 -.7524E+00  .5046E+00   .9999986 -.0013168  .0010613
T  357  1 .1998070E+07   7300870E-04  .4149E-01  .4396E+00   .9999969  .0015668  .0019456
T  358  1 .1997615E+07   7318604E-04 -.1181E+01  .1468E+01   .9999926 -.0027343  .0027013
T  359  1 .1998542E+07   7300156E-04 -.2260E+00 -.2316E+01   .9999903 -.0014457 -.0041625
T  360  1 .1997014E+07   7320031E-04  .1522E+01 -.2140E+01   .9999892  .0030559 -.0034936
T  361  1 .1997019E+07   7314880E-04 -.4723E+00 -.6716E+00   .9999984 -.0004452 -.0017390
T  362  1 .1996922E+07   7319750E-04 -.9412E+00 -.1777E+00   .9999974 -.0022595 -.0000264
T  363  1 .1997857E+07   7313818E-04  .8642E+00  .4348E+00   .9999922  .0034257  .0019445
T  364  1 .1996731E+07   7316518E-04 -.1255E+01 -.5089E+00   .9999979 -.0019553 -.0006803
T  365  1 .1997611E+07   7301933E-04 -.2308E+01 -.1261E+01   .9999870 -.0048810 -.0014469
T  366  1 .1998429E+07   7320639E-04  .4724E+00 -.1617E+01   .9999947  .0010122 -.0030820
T  367  1 .1996966E+07   7322696E-04 -.6196E+00 -.2599E+01   .9999872 -.0005504 -.0050295
T  368  1 .1997112E+07   7305080E-04  .4200E+00  .2235E+00   .9999984  .0017075 -.0005798
T  369  1 .1997671E+07   7316099E-04 -.1652E+01  .1462E+00   .9999928 -.0037857  .0004100
T  370  1 .1997330E+07   7323926E-04 -.1655E+00  .1063E+01   .9999955 -.0007483  .0029031
T  371  1 .1996072E+07   7318614E-04 -.1779E+00  .5558E+00   .9999995 -.0006054  .0007976
T  372  1 .1997137E+07   7317086E-04  .4866E+00 -.2736E+00   .9999983  .0011622 -.0014292
T  373  1 .1996966E+07   7309430E-04 -.3765E+00 -.6649E+00   .9999985 -.0009196 -.0014442
T  374  1 .1998002E+07   7324881E-04 -.1998E+00  .4767E+00   .9999999  .0002445  .0000118
T  375  1 .1998347E+07   7312528E-04 -.5910E+00  .1120E+01   .9999974 -.0016340  .0015704
T  376  1 .1998240E+07   7326516E-04  .7368E+00  .2528E+00   .9999980  .0016187  .0011631
T  377  1 .1996068E+07   7313829E-04 -.3558E+01 -.1692E+01   .9999768 -.0061721 -.0028652
T  378  1 .1996487E+07   7305087E-04 -.2747E+00 -.3389E+00   .9999999 -.0003268  .0001940
T  379  1 .1997431E+07   7307240E-04  .1278E+00  .7158E+00   .9999985  .0011657  .0012643
T  380  1 .1997032E+07   7326188E-04  .2242E+01 -.9490E+00   .9999906  .0039728 -.0017206
T  381  1 .1998701E+07   7326459E-04 -.6567E-01  .1306E+01   .9999963 -.0003277  .0026972
T  382  1 .1996583E+07   7318036E-04 -.2438E+00 -.1025E+00   .9999997  .0001647 -.0007810
T  383  1 .1996382E+07   7301811E-04 -.5261E+00  .2455E+00   .9999987 -.0014183  .0007237
T  384  1 .1996673E+07   7317188E-04  .1157E+01  .9219E+00   .9999977  .0011257  .0018208
T  385  1 .1996925E+07   7325162E-04 -.5689E+00  .1803E-01   .9999979 -.0020208 -.0002767
T  386  1 .1998027E+07   7301125E-04  .4736E+00 -.7314E+00   .9999984  .0004044 -.0017259
T  387  1 .1998453E+07   7321845E-04 -.8587E+00  .1978E+01   .9999938 -.0009256  .0033947
T  388  1 .1997030E+07   7317752E-04 -.1222E+00 -.1347E+00   .9999994 -.0009907 -.0005621
T  389  1 .1997131E+07   7312712E-04 -.1994E+01  .3522E+00   .9999916 -.0040488  .0005762
T  390  1 .1998034E+07   7319726E-04  .1119E+01 -.1896E+00   .9999993  .0009335  .0007694
T  391  1 .1996655E+07   7316705E-04 -.2568E+01  .2290E+00   .9999888 -.0047015  .0005225
T  392  1 .1997067E+07   7318855E-04  .2483E+00 -.8126E+00   .9999997 -.0000085 -.0007634
T  393  1 .1997554E+07   7320319E-04 -.4251E+00 -.3632E+00   .9999986 -.0016015 -.0004171
T  394  1 .1995958E+07   7312087E-04 -.5782E+00 -.2608E+00   .9999991 -.0012334 -.0004581
T  395  1 .1996200E+07   7326644E-04 -.1461E+00  .4925E+00   .9999992 -.0004249  .0011546
T  396  1 .1996603E+07   7313449E-04  .6855E+00 -.2626E+00   .9999982  .0013638 -.0012964
T  397  1 .1998220E+07   7326053E-04 -.9124E+00 -.4590E+00   .9999971 -.0013815 -.0019963
T  398  1 .1998033E+07   7314724E-04 -.1099E+01 -.1089E+00   .9999987 -.0016065 -.0001500
T  399  1 .1997373E+07   7312474E-04 -.1146E+01 -.3597E+01   .9999653 -.0020667 -.0080733
T  400  1 .1998359E+07   7304744E-04  .8947E+00 -.1833E+01   .9999943  .0017232 -.0029069
T  401  1 .1995693E+07   7322635E-04 -.1652E+01  .5034E+00   .9999936 -.0033996  .0010702
T  402  1 .1996824E+07   7300212E-04 -.3370E+00 -.3919E+01   .9999727  .0001646 -.0073818
T  403  1 .1997115E+07   7309770E-04  .4194E+00 -.4129E+00   .9999998  .0003319 -.0004919
T  404  1 .1998030E+07   7324796E-04 -.2619E+01 -.1611E+01   .9999795 -.0057652 -.0027947
T  405  1 .1997180E+07   7303574E-04 -.7135E+00  .1073E+01   .9999954 -.0017675  .0024525
T  406  1 .1997928E+07   7325633E-04 -.1280E+01  .3674E+00   .9999971 -.0023732  .0002756
T  407  1 .1996437E+07   7316316E-04 -.2360E+01  .1422E+01   .9999558 -.0069862  .0062870
T  408  1 .1995920E+07   7325421E-04  .7348E+00  .2860E+01   .9999857  .0011040  .0052330
T  409  1 .1998689E+07   7326853E-04  .1599E+01  .3227E+00   .9999965  .0026130 -.0002703
T  410  1 .1996658E+07   7322164E-04  .2281E+01  .5202E+01   .9999480  .0042356  .0092728
T  411  1 .1997625E+07   7323985E-04  .5733E+00  .9530E-01   .9999999  .0002836  .0002661
T  412  1 .1996326E+07   7302043E-04 -.4435E+01  .4235E+01   .9999345 -.0076016  .0085567
T  413  1 .1997085E+07   7323037E-04  .1749E+00  .6100E+00   .9999994 -.0002451  .0011045
T  414  1 .1998246E+07   7314205E-04 -.8076E+00 -.5203E+00   .9999955 -.0014412 -.0026228
T  415  1 .1997404E+07   7320513E-04 -.9788E+00  .6263E+00   .9999956 -.0024421  .0016754
T  416  1 .1997208E+07   7321205E-04  .1085E+01  .4158E+00   .9999981  .0019057  .0004625
T  417  1 .1997060E+07   7316358E-04 -.5605E+00 -.3528E+00   .9999981 -.0018273 -.0006511
T  418  1 .1996894E+07   7318441E-04  .1575E+00  .1121E+01   .9999984 -.0003422  .0017688
T  419  1 .1996547E+07   7325496E-04  .5469E+00  .2033E+01   .9999941  .0007083  .0033520
T  420  1 .1997877E+07   7320621E-04 -.1303E+01 -.1279E+01   .9999810 -.0058327  .0020159
T  421  1 .1996260E+07   7306675E-04  .9641E-01 -.1775E+00   .9999999  .0000141 -.0004499
T  422  1 .1998530E+07   7300246E-04  .6375E+00  .3989E+00   .9999979  .0017712  .0010010
T  423  1 .1998513E+07   7300126E-04  .6104E+00 -.6146E+00   .9999980  .0016951 -.0010179
T  424  1 .1997417E+07   7314340E-04 -.6581E+00 -.7660E+00   .9999982 -.0006920 -.0017440
T  425  1 .1996633E+07   7324728E-04 -.1242E+01 -.3007E+00   .9999983 -.0017681 -.0006065
T  426  1 .1998033E+07   7324856E-04  .1727E+01 -.3263E+00   .9999962  .0023829 -.0014029
T  427  1 .1996796E+07   7310818E-04 -.6089E-01 -.3663E+00   .9999989 -.0004763 -.0014387
T  428  1 .1996484E+07   7315904E-04 -.2613E+00 -.1176E+01   .9999979  .0005771 -.0019712
T  429  1 .1996514E+07   7321908E-04 -.6594E-01  .6385E+00   .9999999 -.0001676 -.0002442
T  430  1 .1997699E+07   7316880E-04 -.6102E+00 -.6493E-01   .9999987 -.0015435 -.0003523
T  431  1 .1997211E+07   7303884E-04 -.5973E+00 -.1009E-01   .9999995 -.0005445  .0008820
T  432  1 .1997491E+07   7325274E-04 -.6477E-01 -.1417E+01   .9999977  .0014759 -.0015443
T  433  1 .1997510E+07   7311201E-04  .1129E+01 -.1164E+01   .9999910  .0001284 -.0042426
T  434  1 .1998706E+07   7323201E-04 -.4814E+00  .5461E+00   .9999981 -.0019426 -.0000229
T  435  1 .1997565E+07   7318361E-04 -.4666E+00 -.1103E+01   .9999981 -.0004389 -.0018982
T  436  1 .1996343E+07   7303282E-04 -.9674E+00 -.5640E+00   .9999931 -.0025555 -.0026952
T  437  1 .1995976E+07   7306330E-04 -.2273E+00  .5697E+00   .9999977  .0021031 -.0003121
T  438  1 .1995968E+07   7305681E-04  .3121E+00  .3722E+00   .9999990  .0011350  .0008007
T  439  1 .1996849E+07   7325873E-04  .2017E+01  .8573E+00   .9999932  .0035516  .0010318
T  440  1 .1997813E+07   7306726E-04 -.9603E+00  .6738E+00   .9999955 -.0029993  .0001504
T  441  1 .1998094E+07   7303014E-04 -.2673E+00 -.1095E+00   .9999999 -.0001880  .0004874
T  442  1 .1996601E+07   7322977E-04  .1462E+00 -.4093E+00   .9999887  .0046164 -.0011305
T  443  1 .1997050E+07   7301099E-04  .9264E+00 -.1322E+01   .9999972  .0015114 -.0018340
T  444  1 .1997541E+07   7304792E-04  .6659E+00 -.7722E+00   .9999988  .0014764 -.0004562
T  445  1 .1996997E+07   7324739E-04 -.4810E+00 -.4347E+00   .9999994 -.0007244 -.0007957
T  446  1 .1998133E+07   7319584E-04  .4997E+00 -.4665E+00   .9999959  .0005958 -.0027969
T  447  1 .1997414E+07   7323733E-04  .1503E+00 -.3685E+00   .9999999  .0002944 -.0002862
T  448  1 .1997600E+07   7318397E-04 -.1800E+01 -.4638E+00   .9999965 -.0025872 -.0006219
T  449  1 .1995812E+07   7305328E-04 -.4473E-01  .3102E+00   .9999986 -.0002452  .0016271
T  450  1 .1996987E+07   7311308E-04  .6908E+01  .9891E+01   .9997974  .0113670  .0166093
T  451  1 .1996593E+07   7318284E-04  .8054E-01  .9033E-01   .9999998  .0005537  .0000885
T  452  1 .1997876E+07   7301618E-04 -.8214E+00  .5224E+00   .9999975 -.0017746  .0013413
T  453  1 .1998066E+07   7309306E-04  .7839E-01 -.5297E+00   .9999959  .0024740 -.0014606
T  454  1 .1997493E+07   7301721E-04 -.4678E+00 -.1710E+00   .9999998 -.0000882 -.0005432
T  455  1 .1997075E+07   7300433E-04 -.1646E+01  .2418E+00   .9999863 -.0052227  .0001925
T  456  1 .1995653E+07   7301136E-04 -.2207E+00  .1713E+01   .9999935 -.0005154  .0035681
T  457  1 .1998081E+07   7325686E-04  .5862E+00 -.6487E+00   .9999941 -.0001452 -.0034193
T  458  1 .1997153E+07   7326543E-04  .1933E+00  .2284E+01   .9999881  .0008402  .0048062
T  459  1 .1998636E+07   7303411E-04 -.7636E+00  .1196E+00   .9999995 -.0006070  .0008306
T  460  1 .1996604E+07   7300149E-04  .1349E+01 -.1170E+01   .9999937  .0029684 -.0019455
T  461  1 .1996635E+07   7304947E-04 -.8367E+00 -.7394E+00   .9999983 -.0014009 -.0011833
T  462  1 .1997863E+07   7304591E-04  .2151E+01  .1857E+01   .9999936  .0023143  .0027221
T  463  1 .1998261E+07   7318385E-04 -.7819E-01  .1585E+01   .9999660 -.0082249  .0006177
T  464  1 .1996946E+07   7310502E-04 -.9072E-01  .6723E+00   .9999965  .0010593  .0024430
T  465  1 .1997330E+07   7322141E-04  .9285E+00  .2428E-01   .9999675  .0068182 -.0043020
T  466  1 .1997164E+07   7314846E-04  .1487E+00  .1488E+01   .9999947  .0007233  .0031601
T  467  1 .1998446E+07   7311127E-04  .1030E+01 -.7865E+00   .9999977  .0018891 -.0010043
T  468  1 .1997443E+07   7326181E-04 -.2428E+01  .2496E+00   .9997624 -.0217968 -.0001485
T  469  1 .1997580E+07   7308633E-04 -.9819E+00  .5704E+00   .9999937 -.0035050  .0006225
T  470  1 .1997569E+07   7316987E-04  .3317E+01  .1936E+01   .9999779  .0059125  .0030297
T  471  1 .1998787E+07   7308141E-04 -.7677E+00 -.4284E+00   .9999992 -.0010346 -.0007754
T  472  1 .1997263E+07   7319096E-04 -.1217E+01  .7920E+00   .9999969 -.0020282  .0014532
T  473  1 .1997032E+07   7310449E-04 -.6644E-01 -.6020E+00   .9999995  .0005385 -.0008191
T  474  1 .1996823E+07   7312280E-04 -.1144E+00 -.6851E+00   .9999995 -.0001042 -.0009619
T  475  1 .1998292E+07   7322024E-04 -.1199E+01 -.1517E+01   .9999937 -.0026000 -.0024365
T  476  1 .1996420E+07   7316630E-04 -.8457E+00 -.7433E+00   .9999973 -.0016429 -.0016568
T  477  1 .1997192E+07   7307572E-04 -.4186E+00  .1029E+01   .9999967 -.0016819  .0019527
T  478  1 .1998372E+07   7318134E-04  .1688E+01  .7664E+00   .9999967  .0023394  .0010372
T  479  1 .1996856E+07   7315706E-04  .6834E-01  .5564E+00   .9999995  .0006203  .0007810
T  480  1 .1997174E+07   7304167E-04  .1313E+01 -.2279E+00   .9999982  .0018639  .0002490
T  481  1 .1997699E+07   7326601E-04  .3682E+00 -.4261E+00   .9999984  .0017611 -.0002899
T  482  1 .1996751E+07   7309187E-04 -.9240E+00  .6431E+00   .9999964 -.0026562  .0003754
T  483  1 .1996960E+07   7306394E-04  .5082E+00 -.8274E+00   .9999973  .0018052 -.0014481
T  484  1 .1996879E+07   7319586E-04 -.7784E+00  .9095E+00   .9999957 -.0026558  .0012238
T  485  1 .1996786E+07   7319469E-04  .4438E+01 -.2186E+01   .9999562  .0083332 -.0042544
T  486  1 .1997068E+07   7326081E-04 -.4593E+00 -.5838E+00   .9999985 -.0007085 -.0015804
T  487  1 .1996970E+07   7307161E-04  .6019E+00  .5924E+00   .9999987  .0011156  .0011619
